0
[0, 0, 0, 0, 0, 0, 0, 0, 0, 0, 0, 0, 0, 0, 0, 0, 0, 0, 0, 0, 0, 0, 0, 0, 0, 0, 0, 0, 0, 0, 0, 0, 0, 0, 0, 0, 0, 0, 0, 0, 0, 0, 0, 0, 0, 0, 0, 0, 0, 0, 0, 0, 0, 0, 0, 0, 0, 0, 0, 0, 0, 0, 0, 0, 0, 0, 0, 0, 0, 0, 0, 0, 0, 0, 0, 0, 0, 0, 0, 0, 0, 0, 0, 0, 0, 0, 0, 0, 0, 0, 0, 0, 0, 0, 0, 0, 0, 0, 0, 0]
1
[0, 0, 0, 0, 0, 0, 0, 0, 0, 0, 0, 0, 0, 0, 0, 0, 0, 0, 0, 0, 0, 0, 0, 0, 0, 0, 0, 0, 0, 0, 0, 0, 0, 0, 0, 0, 0, 0, 0, 0, 0, 0, 0, 0, 0, 0, 0, 0, 0, 0, 0, 0, 0, 0, 0, 0, 0, 0, 0, 0, 0, 0, 0, 0, 0, 0, 0, 0, 0, 0, 0, 0, 0, 0, 0, 0, 0, 0, 0, 0, 0, 0, 0, 0, 0, 0, 0, 0, 0, 0, 0, 0, 0, 0, 0, 0, 0, 0, 0, 0]
2
[2, 3, 3, 2, 2, 2, 3, 3, 2, 2, 3, 2, 2, 2, 3, 3, 2, 2, 2, 4, 4, 2, 5, 2, 2, 3, 2, 2, 2, 3, 2, 3, 2, 2, 4, 4, 2, 2, 2, 4, 2, 6, 4, 4, 3, 2, 2, 2, 2, 2, 3, 2, 2, 2, 2, 4, 2, 2, 4, 2, 2, 2, 4, 3, 4, 3, 2, 2, 2, 4, 3, 2, 3, 2, 4, 5, 3, 2, 3, 4, 2, 2, 2, 5, 3, 2, 5, 2, 2, 4, 2, 4, 3, 2, 3, 3, 2, 3, 2, 9]
3
[6, 11, 9, 12, 10, 4, 21, 7, 19, 10, 11, 7, 27, 10, 5, 5, 10, 7, 14, 6, 7, 7, 11, 5, 5, 6, 8, 7, 5, 13, 8, 9, 12, 11, 9, 8, 9, 7, 10, 14, 6, 13, 7, 4, 7, 9, 9, 14, 13, 6, 6, 10, 10, 9, 6, 11, 7, 9, 8, 9, 4, 10, 13, 13, 6, 10, 9, 5, 6, 12, 10, 12, 7, 16, 9, 7, 12, 4, 12, 11, 14, 7, 5, 7, 11, 7, 5, 7, 10, 4, 12, 11, 4, 18, 8, 6, 6, 10, 8, 6]
4
[17, 11, 15, 14, 21, 19, 18, 27, 12, 9, 12, 9, 16, 11, 11, 23, 29, 21, 16, 35, 23, 19, 9, 17, 12, 21, 24, 18, 9, 14, 8, 20, 17, 25, 19, 9, 14, 17, 14, 52, 12, 18, 16, 18, 12, 16, 19, 19, 20, 23, 12, 15, 26, 13, 21, 12, 13, 21, 12, 18, 14, 12, 13, 17, 20, 15, 23, 15, 9, 11, 12, 16, 21, 13, 11, 23, 14, 11, 13, 14, 17, 13, 17, 21, 14, 18, 16, 15, 10, 9, 15, 24, 11, 18, 18, 39, 12, 18, 16, 12]
5
[18, 22, 13, 13, 21, 21, 22, 16, 22, 20, 20, 20, 30, 22, 28, 20, 13, 22, 28, 16, 37, 20, 26, 26, 22, 21, 20, 19, 21, 14, 22, 19, 33, 35, 34, 24, 21, 17, 27, 21, 19, 17, 29, 27, 22, 23, 37, 18, 24, 26, 28, 23, 17, 33, 20, 20, 23, 20, 24, 42, 23, 24, 23, 25, 27, 38, 32, 18, 30, 36, 21, 31, 16, 15, 25, 24, 29, 19, 29, 25, 18, 22, 21, 22, 19, 17, 24, 16, 26, 38, 29, 18, 32, 22, 26, 23, 20, 19, 11, 17]
6
[33, 42, 29, 26, 21, 44, 39, 43, 43, 22, 34, 23, 53, 29, 37, 58, 32, 31, 48, 28, 27, 48, 40, 47, 23, 31, 46, 40, 46, 44, 27, 46, 36, 61, 33, 40, 37, 39, 23, 34, 20, 22, 49, 33, 36, 31, 49, 41, 32, 29, 26, 41, 31, 32, 51, 35, 28, 37, 30, 25, 44, 27, 26, 37, 24, 49, 28, 35, 31, 19, 35, 30, 36, 31, 31, 28, 29, 35, 27, 21, 29, 45, 40, 29, 45, 48, 24, 26, 31, 28, 33, 22, 59, 45, 34, 41, 33, 27, 25, 30]
7
[28, 49, 57, 71, 39, 63, 63, 50, 45, 42, 46, 52, 52, 52, 34, 38, 66, 37, 73, 34, 46, 51, 37, 36, 45, 31, 32, 46, 28, 41, 57, 39, 37, 52, 66, 39, 35, 46, 54, 39, 29, 42, 61, 30, 31, 40, 43, 52, 49, 31, 46, 28, 20, 27, 41, 37, 42, 35, 39, 28, 57, 34, 89, 28, 45, 29, 57, 45, 58, 48, 52, 34, 46, 36, 51, 37, 40, 48, 31, 30, 41, 44, 36, 40, 50, 38, 28, 81, 35, 37, 57, 75, 22, 25, 52, 39, 42, 41, 45, 39]
8
[57, 52, 74, 59, 42, 65, 53, 54, 92, 51, 61, 43, 49, 37, 43, 69, 58, 47, 63, 54, 39, 51, 71, 48, 52, 53, 83, 40, 77, 51, 55, 69, 47, 61, 48, 95, 53, 40, 39, 30, 53, 47, 48, 41, 62, 38, 57, 78, 55, 32, 51, 49, 57, 44, 41, 75, 65, 42, 51, 51, 68, 30, 47, 72, 48, 47, 64, 52, 68, 60, 42, 56, 38, 54, 67, 41, 64, 43, 61, 90, 41, 64, 65, 55, 33, 60, 59, 50, 42, 36, 61, 45, 48, 52, 48, 46, 53, 47, 50, 47]
9
[81, 93, 84, 55, 82, 108, 64, 51, 50, 51, 82, 45, 98, 85, 115, 73, 65, 57, 69, 71, 58, 54, 50, 59, 86, 55, 78, 88, 62, 67, 79, 69, 57, 71, 51, 77, 108, 70, 50, 42, 100, 62, 46, 75, 124, 66, 84, 58, 50, 55, 66, 55, 59, 74, 81, 51, 60, 49, 48, 58, 66, 56, 45, 55, 67, 41, 64, 48, 44, 38, 79, 65, 73, 54, 66, 65, 60, 45, 64, 53, 80, 51, 55, 66, 46, 48, 64, 51, 61, 58, 48, 50, 55, 81, 52, 75, 68, 32, 43, 58]
10
[71, 66, 73, 66, 88, 70, 129, 68, 59, 79, 79, 60, 49, 107, 55, 70, 57, 69, 64, 51, 49, 53, 69, 81, 58, 84, 80, 47, 65, 60, 49, 62, 61, 77, 58, 90, 110, 72, 67, 123, 85, 67, 92, 101, 48, 73, 73, 99, 52, 65, 77, 94, 79, 81, 117, 78, 81, 52, 69, 61, 72, 85, 83, 77, 66, 83, 62, 65, 86, 87, 66, 73, 55, 85, 64, 65, 65, 75, 93, 53, 50, 71, 67, 93, 77, 66, 69, 49, 97, 77, 80, 59, 69, 93, 73, 70, 67, 47, 91, 81]
11
[79, 88, 120, 92, 79, 61, 71, 95, 78, 102, 80, 67, 73, 89, 73, 87, 90, 100, 76, 91, 91, 86, 74, 93, 84, 83, 83, 131, 103, 71, 101, 56, 80, 77, 65, 60, 82, 80, 80, 99, 62, 82, 79, 106, 118, 108, 89, 83, 82, 67, 100, 67, 81, 83, 81, 75, 81, 78, 75, 83, 114, 90, 100, 94, 80, 79, 93, 122, 96, 79, 85, 89, 81, 86, 80, 61, 93, 80, 72, 106, 102, 74, 90, 79, 69, 99, 57, 104, 89, 97, 74, 85, 74, 96, 69, 72, 94, 77, 56, 91]
12
[92, 97, 124, 88, 89, 116, 99, 70, 94, 95, 87, 85, 157, 88, 117, 93, 117, 64, 74, 71, 136, 114, 104, 91, 90, 120, 104, 81, 106, 122, 60, 132, 90, 92, 101, 71, 80, 102, 100, 95, 83, 114, 101, 96, 82, 104, 126, 77, 115, 111, 92, 91, 99, 119, 88, 139, 74, 129, 115, 106, 118, 110, 88, 89, 82, 98, 83, 119, 77, 87, 92, 92, 87, 101, 91, 121, 61, 95, 66, 110, 121, 93, 105, 87, 110, 94, 58, 101, 70, 68, 100, 100, 117, 100, 85, 80, 93, 98, 86, 73]
13
[84, 91, 118, 93, 136, 92, 86, 106, 91, 152, 106, 166, 90, 120, 138, 86, 136, 93, 82, 104, 101, 128, 103, 91, 124, 101, 87, 111, 124, 90, 124, 126, 119, 85, 124, 77, 101, 86, 103, 108, 59, 86, 134, 153, 125, 163, 82, 105, 101, 156, 97, 145, 99, 99, 101, 115, 97, 98, 93, 90, 116, 71, 110, 138, 145, 71, 138, 84, 90, 122, 112, 125, 105, 105, 161, 111, 116, 87, 129, 150, 90, 138, 137, 101, 78, 91, 123, 130, 98, 99, 132, 115, 77, 97, 106, 104, 91, 119, 113, 92]
14
[98, 114, 165, 114, 104, 113, 131, 156, 106, 171, 147, 90, 213, 129, 137, 134, 89, 152, 85, 176, 147, 113, 126, 90, 133, 100, 131, 117, 146, 96, 141, 152, 113, 124, 97, 137, 106, 133, 106, 112, 86, 109, 127, 147, 110, 115, 84, 107, 107, 146, 121, 77, 111, 109, 100, 143, 111, 116, 113, 96, 118, 100, 122, 103, 130, 130, 97, 110, 154, 96, 89, 119, 86, 96, 123, 129, 135, 142, 88, 166, 107, 111, 133, 119, 182, 94, 95, 115, 97, 76, 105, 201, 175, 123, 112, 115, 165, 118, 129, 95]
15
[130, 184, 126, 101, 160, 117, 142, 108, 138, 106, 192, 119, 121, 121, 131, 155, 192, 253, 110, 196, 153, 116, 129, 135, 122, 125, 127, 136, 95, 149, 130, 93, 122, 154, 119, 134, 102, 122, 130, 130, 148, 172, 113, 122, 102, 116, 120, 140, 126, 123, 110, 103, 195, 100, 200, 131, 134, 176, 148, 184, 175, 122, 111, 158, 113, 143, 124, 118, 120, 190, 129, 126, 120, 123, 115, 108, 144, 164, 89, 121, 155, 150, 183, 123, 110, 110, 126, 148, 137, 102, 132, 143, 150, 123, 171, 146, 132, 126, 97, 117]
16
[119, 134, 182, 122, 122, 134, 171, 133, 187, 171, 138, 205, 171, 145, 110, 117, 160, 132, 120, 147, 154, 136, 139, 129, 152, 137, 109, 145, 128, 172, 166, 202, 128, 170, 198, 158, 126, 157, 121, 151, 130, 138, 99, 176, 123, 133, 246, 121, 179, 120, 136, 227, 111, 130, 131, 108, 114, 194, 126, 135, 150, 158, 115, 141, 129, 125, 204, 193, 157, 179, 156, 193, 148, 135, 154, 157, 114, 146, 170, 150, 213, 175, 123, 114, 121, 123, 158, 125, 150, 114, 212, 126, 112, 126, 127, 136, 188, 149, 152, 123]
17
[130, 133, 160, 198, 127, 117, 181, 138, 165, 136, 134, 153, 132, 163, 183, 130, 150, 223, 139, 133, 161, 140, 166, 133, 154, 142, 132, 166, 149, 155, 171, 220, 216, 148, 148, 143, 142, 149, 138, 177, 200, 113, 127, 153, 157, 131, 136, 116, 143, 139, 132, 205, 152, 149, 171, 182, 194, 182, 129, 135, 133, 139, 116, 167, 134, 136, 167, 218, 142, 139, 137, 204, 127, 201, 149, 174, 185, 168, 172, 146, 166, 182, 139, 143, 176, 181, 254, 162, 177, 172, 180, 149, 220, 194, 179, 185, 225, 185, 149, 144]
18
[157, 248, 187, 232, 174, 193, 136, 180, 168, 158, 159, 139, 200, 151, 179, 156, 175, 246, 168, 177, 292, 248, 191, 160, 129, 147, 166, 158, 175, 164, 196, 168, 162, 171, 183, 174, 153, 161, 172, 175, 156, 179, 172, 158, 150, 167, 153, 183, 121, 163, 186, 147, 202, 178, 133, 173, 195, 235, 165, 221, 153, 152, 223, 161, 133, 152, 137, 153, 137, 163, 160, 207, 181, 225, 119, 143, 148, 217, 160, 143, 208, 180, 184, 235, 142, 113, 216, 149, 152, 266, 163, 171, 149, 152, 169, 176, 133, 186, 178, 154]
19
[201, 208, 169, 177, 187, 142, 136, 203, 192, 230, 170, 262, 197, 145, 143, 141, 207, 227, 196, 184, 159, 164, 195, 182, 210, 195, 243, 174, 282, 173, 215, 163, 174, 253, 207, 207, 179, 185, 164, 186, 184, 159, 279, 128, 183, 175, 159, 188, 203, 214, 200, 185, 151, 187, 276, 209, 181, 178, 176, 237, 172, 191, 207, 200, 186, 154, 267, 213, 259, 161, 180, 160, 154, 153, 187, 147, 182, 131, 146, 176, 216, 156, 166, 231, 146, 151, 215, 189, 191, 189, 170, 167, 191, 199, 160, 182, 173, 257, 191, 180]
20
[192, 316, 163, 215, 303, 193, 227, 255, 149, 265, 252, 199, 198, 159, 195, 182, 236, 195, 258, 170, 181, 171, 165, 248, 175, 230, 219, 226, 197, 222, 177, 275, 235, 173, 178, 176, 181, 215, 191, 222, 254, 196, 152, 163, 190, 222, 179, 187, 235, 143, 190, 164, 199, 161, 197, 177, 165, 241, 182, 143, 222, 233, 188, 251, 172, 246, 233, 153, 211, 187, 208, 229, 257, 205, 239, 176, 183, 198, 171, 180, 168, 219, 198, 155, 184, 194, 260, 223, 168, 190, 142, 180, 217, 168, 252, 251, 186, 189, 230, 144]
21
[183, 217, 189, 237, 195, 249, 213, 174, 196, 197, 233, 163, 215, 280, 298, 212, 208, 220, 211, 207, 203, 236, 186, 250, 235, 221, 167, 248, 202, 209, 207, 199, 221, 226, 212, 260, 223, 237, 211, 260, 274, 258, 234, 282, 236, 246, 232, 212, 236, 197, 203, 182, 246, 276, 188, 224, 166, 193, 208, 188, 242, 203, 213, 199, 217, 160, 227, 168, 181, 244, 246, 222, 250, 211, 240, 162, 239, 197, 222, 200, 238, 309, 186, 218, 182, 176, 217, 210, 180, 186, 183, 241, 210, 259, 202, 260, 218, 209, 218, 214]
22
[173, 310, 266, 219, 236, 291, 231, 171, 357, 201, 312, 185, 215, 178, 261, 207, 243, 229, 280, 296, 199, 186, 222, 248, 209, 273, 197, 296, 172, 241, 195, 199, 225, 228, 162, 205, 226, 260, 245, 237, 262, 251, 218, 195, 230, 383, 266, 212, 255, 217, 306, 214, 242, 201, 249, 225, 207, 204, 170, 181, 228, 283, 225, 209, 308, 247, 295, 280, 247, 232, 170, 219, 222, 166, 246, 261, 240, 150, 175, 212, 392, 251, 206, 157, 244, 221, 252, 269, 235, 316, 270, 274, 289, 197, 228, 198, 219, 183, 268, 170]
23
[226, 278, 156, 205, 226, 232, 250, 198, 204, 276, 206, 246, 228, 217, 323, 291, 196, 285, 286, 194, 243, 245, 159, 242, 228, 238, 191, 242, 263, 218, 263, 242, 200, 234, 229, 240, 263, 245, 213, 268, 215, 199, 207, 229, 197, 219, 184, 169, 242, 238, 295, 220, 209, 202, 216, 270, 202, 243, 210, 371, 255, 234, 272, 236, 248, 225, 187, 202, 250, 233, 331, 174, 168, 274, 258, 222, 235, 276, 213, 228, 248, 280, 200, 233, 202, 224, 291, 215, 225, 263, 204, 220, 265, 270, 267, 223, 336, 201, 184, 252]
24
[239, 283, 270, 225, 305, 306, 245, 223, 230, 260, 263, 246, 274, 214, 230, 234, 349, 225, 253, 280, 278, 369, 242, 245, 186, 223, 232, 267, 257, 219, 357, 245, 303, 258, 254, 282, 219, 258, 255, 316, 254, 264, 175, 279, 323, 225, 269, 248, 262, 296, 231, 256, 242, 246, 254, 193, 339, 277, 163, 308, 260, 257, 273, 243, 204, 332, 274, 223, 311, 214, 313, 220, 281, 263, 219, 208, 327, 290, 280, 344, 251, 228, 216, 234, 226, 242, 327, 265, 264, 247, 395, 204, 236, 254, 225, 253, 294, 298, 250, 241]
25
[232, 311, 184, 262, 256, 185, 254, 236, 234, 264, 272, 241, 285, 246, 294, 300, 362, 251, 252, 187, 264, 286, 333, 280, 250, 264, 277, 188, 241, 293, 230, 243, 225, 235, 237, 247, 313, 236, 271, 205, 203, 326, 344, 231, 228, 292, 278, 253, 314, 358, 187, 317, 317, 227, 243, 301, 248, 276, 266, 270, 190, 233, 301, 242, 198, 277, 272, 259, 239, 241, 212, 257, 310, 290, 206, 197, 367, 364, 244, 208, 325, 269, 310, 272, 274, 237, 208, 243, 283, 291, 250, 259, 387, 250, 258, 200, 301, 298, 302, 293]
26
[233, 270, 237, 223, 327, 287, 293, 226, 253, 265, 351, 233, 274, 294, 341, 247, 210, 323, 306, 287, 255, 235, 300, 216, 234, 315, 279, 300, 284, 314, 198, 247, 267, 222, 383, 258, 284, 335, 298, 294, 207, 330, 293, 251, 293, 339, 230, 303, 284, 299, 277, 275, 222, 312, 411, 223, 286, 261, 315, 249, 253, 261, 322, 279, 270, 308, 241, 237, 287, 246, 334, 296, 355, 274, 305, 276, 351, 267, 294, 273, 237, 251, 333, 287, 387, 270, 286, 256, 204, 294, 347, 209, 388, 368, 292, 322, 283, 224, 271, 240]
27
[217, 370, 332, 263, 381, 321, 405, 318, 264, 275, 261, 252, 275, 284, 254, 369, 256, 298, 314, 248, 290, 321, 291, 322, 262, 335, 301, 301, 281, 228, 228, 249, 252, 301, 268, 283, 271, 239, 237, 309, 289, 242, 237, 265, 212, 246, 247, 251, 229, 328, 223, 301, 374, 311, 284, 279, 244, 261, 251, 258, 278, 214, 248, 303, 296, 311, 297, 376, 350, 301, 245, 252, 316, 259, 369, 330, 323, 352, 330, 397, 224, 347, 284, 279, 269, 220, 458, 328, 280, 317, 258, 263, 302, 232, 384, 260, 273, 290, 307, 347]
28
[389, 345, 393, 322, 306, 255, 321, 244, 397, 272, 260, 333, 279, 399, 266, 232, 273, 361, 266, 293, 277, 263, 281, 299, 330, 297, 302, 280, 317, 238, 278, 260, 339, 229, 317, 269, 331, 298, 260, 298, 308, 410, 296, 324, 303, 294, 418, 335, 317, 247, 294, 280, 376, 256, 228, 312, 321, 243, 362, 308, 344, 269, 388, 226, 312, 315, 354, 301, 310, 321, 331, 380, 313, 252, 331, 258, 252, 303, 313, 282, 272, 312, 244, 281, 344, 325, 311, 371, 321, 294, 373, 268, 351, 295, 275, 383, 298, 342, 355, 284]
29
[293, 259, 360, 266, 367, 410, 318, 280, 276, 275, 248, 305, 358, 338, 257, 259, 342, 335, 286, 310, 323, 272, 351, 293, 327, 526, 292, 253, 353, 388, 292, 278, 272, 364, 399, 310, 252, 342, 242, 282, 232, 326, 296, 305, 353, 231, 283, 284, 295, 369, 387, 369, 228, 287, 267, 335, 475, 265, 302, 340, 360, 440, 299, 393, 313, 363, 234, 310, 346, 339, 308, 268, 333, 420, 267, 347, 280, 299, 366, 342, 437, 364, 278, 348, 270, 295, 317, 355, 273, 323, 383, 368, 383, 407, 279, 306, 319, 419, 322, 355]
30
[282, 303, 300, 316, 283, 327, 368, 406, 340, 303, 321, 305, 285, 467, 359, 498, 438, 318, 338, 447, 330, 297, 278, 360, 332, 330, 270, 292, 295, 354, 285, 357, 287, 348, 302, 320, 299, 344, 382, 290, 320, 306, 332, 336, 342, 328, 365, 328, 268, 422, 286, 274, 315, 299, 357, 323, 311, 277, 368, 356, 308, 341, 279, 388, 361, 316, 333, 534, 443, 292, 324, 346, 347, 333, 321, 334, 448, 448, 359, 480, 353, 339, 312, 317, 335, 263, 367, 420, 267, 377, 357, 362, 359, 397, 439, 307, 445, 309, 315, 231]
31
[266, 306, 376, 358, 262, 388, 387, 309, 371, 330, 269, 300, 378, 312, 341, 386, 275, 375, 357, 363, 328, 368, 343, 372, 305, 355, 285, 319, 300, 261, 351, 374, 279, 334, 418, 261, 334, 309, 332, 317, 294, 275, 240, 464, 561, 340, 308, 285, 305, 336, 480, 276, 332, 322, 394, 343, 403, 282, 330, 310, 432, 362, 278, 417, 339, 360, 331, 369, 317, 357, 403, 555, 344, 430, 321, 413, 325, 297, 334, 340, 284, 321, 352, 304, 376, 331, 535, 399, 337, 336, 282, 323, 279, 399, 365, 344, 385, 325, 351, 324]
32
[400, 305, 425, 519, 441, 436, 410, 470, 297, 396, 398, 504, 318, 358, 416, 441, 363, 402, 325, 421, 339, 351, 328, 319, 287, 339, 368, 292, 300, 348, 349, 423, 374, 437, 276, 366, 307, 339, 375, 330, 406, 295, 547, 375, 300, 329, 338, 323, 437, 405, 367, 339, 392, 324, 369, 331, 336, 407, 370, 416, 311, 281, 367, 327, 438, 477, 303, 296, 348, 321, 366, 310, 440, 309, 354, 317, 338, 349, 350, 327, 425, 323, 324, 290, 385, 386, 343, 362, 349, 401, 447, 382, 440, 329, 417, 378, 335, 332, 396, 408]
33
[381, 374, 411, 290, 488, 355, 387, 364, 472, 299, 369, 389, 369, 354, 373, 316, 387, 399, 397, 376, 422, 356, 389, 455, 368, 350, 381, 360, 387, 358, 305, 334, 426, 413, 419, 329, 465, 416, 354, 302, 360, 311, 437, 278, 353, 395, 390, 445, 377, 398, 469, 367, 358, 399, 332, 401, 432, 320, 334, 292, 291, 338, 301, 400, 395, 331, 333, 419, 364, 495, 336, 429, 392, 390, 441, 415, 375, 346, 391, 483, 316, 306, 484, 432, 407, 384, 448, 348, 433, 400, 276, 409, 375, 516, 460, 390, 309, 276, 332, 322]
34
[365, 494, 465, 333, 462, 531, 443, 372, 380, 361, 313, 382, 376, 443, 375, 496, 432, 446, 390, 332, 323, 332, 344, 664, 380, 804, 459, 441, 331, 350, 369, 431, 440, 380, 476, 293, 355, 373, 414, 462, 345, 354, 333, 453, 375, 504, 550, 359, 425, 395, 473, 449, 400, 371, 336, 422, 330, 338, 335, 521, 357, 282, 352, 309, 451, 356, 396, 377, 479, 373, 393, 375, 315, 374, 314, 354, 452, 307, 313, 321, 528, 450, 417, 347, 471, 367, 377, 359, 370, 409, 404, 324, 427, 391, 382, 396, 383, 372, 331, 412]
35
[388, 376, 456, 357, 562, 486, 490, 428, 459, 408, 331, 334, 349, 417, 454, 348, 374, 351, 402, 575, 397, 362, 364, 520, 354, 295, 395, 368, 368, 434, 469, 423, 325, 379, 445, 386, 371, 425, 383, 510, 375, 354, 513, 360, 341, 447, 450, 452, 344, 352, 401, 411, 496, 425, 456, 441, 399, 382, 354, 416, 319, 396, 387, 468, 415, 357, 363, 387, 450, 364, 398, 401, 364, 405, 523, 383, 340, 359, 328, 431, 386, 360, 395, 409, 330, 441, 438, 435, 377, 310, 446, 405, 391, 431, 445, 403, 402, 455, 407, 355]
36
[453, 446, 439, 396, 511, 366, 375, 416, 582, 443, 411, 356, 450, 351, 441, 358, 441, 446, 424, 358, 527, 520, 393, 400, 440, 419, 396, 347, 420, 340, 489, 468, 530, 385, 376, 388, 328, 352, 425, 340, 451, 496, 427, 480, 360, 380, 395, 316, 382, 333, 433, 352, 463, 414, 504, 483, 427, 421, 395, 486, 425, 392, 481, 508, 431, 451, 385, 465, 535, 390, 394, 453, 327, 392, 420, 451, 498, 451, 344, 605, 420, 364, 428, 454, 442, 425, 565, 441, 494, 389, 377, 449, 307, 496, 459, 342, 363, 543, 414, 350]
37
[482, 461, 423, 381, 501, 455, 436, 390, 380, 623, 394, 387, 365, 379, 558, 395, 385, 444, 512, 423, 436, 397, 468, 423, 398, 408, 428, 371, 499, 337, 442, 485, 651, 485, 459, 470, 399, 517, 493, 434, 410, 404, 435, 514, 412, 442, 613, 403, 404, 487, 387, 525, 401, 375, 410, 451, 423, 455, 363, 497, 351, 470, 427, 389, 440, 482, 419, 375, 405, 499, 393, 426, 484, 433, 508, 378, 711, 390, 452, 454, 460, 484, 372, 378, 459, 395, 449, 404, 430, 461, 512, 447, 329, 413, 535, 475, 423, 498, 420, 466]
38
[404, 543, 538, 545, 467, 427, 625, 446, 455, 587, 381, 503, 470, 493, 449, 489, 491, 342, 518, 453, 408, 542, 403, 507, 488, 438, 378, 481, 364, 500, 505, 354, 557, 522, 412, 433, 635, 458, 530, 368, 332, 397, 463, 415, 405, 431, 451, 499, 393, 622, 389, 336, 388, 416, 398, 573, 454, 557, 424, 464, 364, 411, 470, 555, 432, 539, 397, 493, 408, 494, 485, 462, 431, 454, 433, 404, 397, 631, 482, 464, 353, 461, 425, 446, 490, 416, 540, 430, 502, 466, 435, 425, 414, 526, 380, 518, 374, 411, 423, 416]
39
[562, 448, 465, 453, 473, 394, 497, 400, 519, 487, 450, 527, 490, 381, 418, 462, 446, 485, 531, 495, 453, 510, 414, 430, 438, 467, 518, 462, 532, 425, 393, 426, 627, 459, 491, 648, 522, 418, 528, 677, 494, 523, 400, 477, 503, 356, 367, 428, 429, 466, 515, 546, 480, 572, 531, 474, 471, 416, 477, 510, 429, 418, 459, 441, 402, 447, 614, 422, 439, 474, 490, 385, 395, 461, 456, 502, 609, 506, 377, 421, 443, 589, 370, 545, 429, 537, 579, 454, 584, 680, 465, 486, 446, 458, 500, 550, 501, 513, 521, 396]
40
[358, 648, 409, 548, 334, 372, 470, 451, 602, 494, 492, 504, 451, 547, 459, 444, 499, 518, 712, 544, 546, 525, 476, 402, 505, 514, 501, 532, 464, 498, 387, 514, 440, 575, 601, 481, 473, 453, 495, 436, 411, 470, 489, 405, 476, 422, 447, 559, 533, 504, 471, 552, 408, 466, 534, 545, 366, 604, 459, 517, 500, 589, 489, 476, 550, 541, 394, 480, 451, 524, 472, 700, 459, 558, 440, 624, 456, 559, 462, 634, 444, 519, 539, 471, 554, 556, 499, 485, 535, 475, 474, 518, 463, 499, 548, 431, 438, 455, 462, 420]
41
[442, 404, 425, 551, 596, 522, 483, 462, 429, 478, 363, 437, 601, 512, 480, 505, 489, 467, 499, 414, 390, 550, 447, 488, 486, 458, 604, 483, 577, 496, 614, 653, 573, 434, 637, 446, 476, 472, 375, 382, 499, 533, 492, 508, 585, 507, 618, 472, 491, 596, 457, 484, 472, 473, 468, 505, 423, 483, 539, 690, 542, 518, 492, 469, 595, 419, 453, 453, 494, 441, 512, 454, 380, 442, 522, 494, 383, 549, 495, 527, 653, 500, 490, 542, 430, 409, 514, 485, 465, 661, 448, 486, 598, 539, 388, 441, 433, 622, 519, 582]
42
[565, 519, 569, 445, 493, 520, 495, 503, 544, 455, 492, 526, 588, 451, 514, 527, 584, 513, 522, 621, 542, 462, 518, 505, 546, 441, 419, 473, 634, 481, 451, 513, 525, 577, 508, 592, 442, 584, 541, 445, 721, 549, 612, 425, 550, 506, 447, 435, 615, 453, 526, 426, 641, 477, 507, 523, 437, 476, 420, 396, 466, 470, 477, 535, 535, 484, 568, 515, 460, 465, 642, 586, 556, 414, 546, 649, 503, 523, 443, 490, 519, 367, 480, 478, 426, 678, 576, 539, 472, 443, 487, 534, 538, 477, 542, 556, 672, 472, 490, 527]
43
[427, 460, 571, 478, 598, 499, 550, 547, 581, 392, 561, 403, 646, 481, 487, 633, 741, 606, 627, 543, 637, 611, 458, 560, 483, 559, 511, 486, 527, 617, 555, 432, 476, 579, 626, 679, 525, 514, 554, 511, 461, 524, 490, 559, 497, 424, 694, 535, 502, 505, 474, 505, 505, 488, 495, 470, 444, 624, 495, 655, 466, 443, 518, 564, 552, 472, 569, 436, 558, 575, 532, 456, 511, 516, 399, 605, 524, 609, 400, 520, 633, 634, 414, 505, 457, 463, 553, 532, 529, 587, 505, 433, 460, 482, 479, 694, 619, 514, 589, 525]
44
[590, 518, 543, 495, 492, 597, 551, 502, 563, 487, 638, 615, 522, 575, 422, 540, 416, 728, 667, 491, 481, 498, 556, 554, 558, 500, 471, 544, 606, 594, 515, 444, 552, 546, 669, 517, 516, 444, 484, 483, 440, 504, 535, 473, 520, 426, 513, 421, 533, 477, 583, 495, 649, 578, 589, 602, 428, 566, 547, 568, 585, 488, 478, 568, 439, 413, 486, 498, 512, 491, 443, 536, 603, 489, 609, 523, 513, 637, 562, 591, 479, 553, 482, 499, 565, 528, 533, 807, 570, 558, 510, 463, 626, 744, 538, 506, 666, 552, 578, 585]
45
[566, 641, 579, 633, 611, 557, 496, 722, 524, 511, 694, 591, 703, 583, 542, 562, 573, 577, 502, 594, 623, 508, 695, 650, 455, 762, 455, 651, 451, 583, 494, 615, 609, 511, 608, 647, 774, 616, 681, 535, 603, 505, 545, 502, 552, 514, 523, 462, 667, 572, 544, 523, 539, 518, 701, 656, 504, 660, 432, 623, 701, 568, 465, 469, 468, 481, 520, 580, 621, 556, 504, 693, 560, 743, 466, 547, 558, 654, 581, 503, 489, 496, 536, 518, 764, 517, 677, 475, 570, 473, 641, 525, 704, 508, 596, 475, 675, 671, 498, 546]
46
[583, 624, 456, 543, 515, 517, 684, 597, 534, 523, 687, 484, 593, 592, 593, 575, 529, 566, 674, 475, 559, 663, 545, 636, 614, 604, 532, 626, 576, 580, 646, 560, 481, 559, 486, 543, 523, 720, 518, 508, 457, 568, 627, 597, 556, 468, 674, 553, 550, 501, 642, 628, 552, 543, 654, 592, 579, 649, 781, 613, 513, 669, 590, 667, 576, 624, 492, 601, 621, 620, 534, 556, 485, 538, 562, 688, 546, 594, 500, 548, 497, 556, 665, 629, 556, 694, 478, 578, 676, 538, 565, 523, 605, 648, 526, 662, 579, 720, 545, 603]
47
[625, 766, 633, 591, 578, 663, 592, 732, 633, 599, 549, 570, 616, 627, 718, 587, 612, 544, 732, 587, 523, 593, 686, 635, 675, 665, 542, 604, 599, 592, 486, 688, 581, 658, 595, 568, 654, 703, 532, 560, 630, 723, 662, 562, 627, 470, 617, 638, 618, 666, 677, 570, 561, 615, 542, 604, 624, 613, 537, 469, 546, 640, 534, 586, 653, 725, 649, 612, 593, 601, 531, 543, 639, 573, 619, 736, 552, 660, 612, 577, 459, 586, 650, 606, 565, 549, 654, 750, 538, 486, 562, 643, 573, 718, 527, 493, 600, 746, 591, 671]
48
[697, 581, 628, 770, 572, 542, 658, 639, 543, 692, 587, 609, 682, 622, 552, 583, 701, 477, 786, 544, 532, 616, 563, 642, 480, 746, 769, 603, 559, 584, 532, 516, 838, 663, 584, 611, 454, 677, 823, 583, 449, 542, 532, 693, 576, 631, 645, 580, 613, 661, 548, 538, 568, 756, 547, 546, 545, 658, 631, 613, 639, 712, 592, 611, 671, 644, 569, 471, 572, 615, 510, 558, 654, 649, 573, 859, 678, 572, 595, 651, 505, 688, 587, 542, 574, 464, 601, 547, 631, 626, 482, 562, 522, 675, 644, 551, 598, 1030, 514, 606]
49
[667, 893, 639, 635, 589, 543, 587, 746, 579, 694, 664, 726, 634, 551, 682, 612, 772, 724, 660, 590, 585, 647, 475, 599, 607, 608, 659, 540, 557, 568, 526, 672, 705, 725, 609, 541, 680, 708, 593, 501, 680, 509, 681, 538, 535, 616, 549, 658, 669, 594, 630, 547, 668, 809, 581, 827, 643, 572, 535, 716, 639, 591, 529, 689, 584, 499, 703, 664, 547, 582, 662, 649, 628, 793, 523, 556, 678, 568, 571, 519, 575, 880, 651, 705, 631, 834, 592, 717, 681, 723, 519, 543, 650, 574, 551, 696, 573, 607, 486, 609]
50
[605, 618, 635, 571, 627, 738, 734, 619, 775, 590, 621, 551, 586, 690, 662, 654, 748, 747, 614, 623, 767, 593, 598, 761, 549, 645, 599, 507, 701, 628, 670, 677, 607, 620, 590, 734, 554, 590, 736, 615, 648, 572, 617, 577, 664, 841, 712, 791, 626, 734, 618, 574, 627, 624, 589, 579, 523, 697, 593, 528, 707, 656, 658, 596, 528, 580, 749, 590, 453, 660, 548, 745, 1032, 724, 769, 638, 567, 563, 704, 571, 655, 621, 618, 617, 701, 639, 799, 694, 891, 722, 532, 693, 626, 575, 584, 609, 663, 682, 625, 610]
51
[788, 779, 756, 630, 711, 655, 629, 698, 578, 593, 509, 557, 738, 858, 604, 568, 561, 676, 670, 706, 716, 546, 686, 717, 622, 628, 684, 647, 666, 670, 493, 605, 766, 788, 669, 647, 597, 718, 596, 1001, 1174, 1089, 748, 581, 564, 611, 661, 552, 662, 536, 604, 681, 709, 714, 629, 688, 575, 645, 729, 927, 875, 759, 751, 635, 522, 598, 693, 581, 637, 657, 554, 793, 664, 747, 637, 646, 593, 730, 769, 663, 635, 563, 631, 619, 666, 734, 524, 577, 797, 620, 504, 734, 630, 601, 699, 596, 638, 607, 644, 583]
52
[759, 683, 605, 612, 683, 877, 569, 618, 500, 918, 618, 581, 778, 721, 698, 787, 545, 788, 620, 584, 824, 753, 707, 581, 522, 575, 873, 774, 790, 613, 776, 682, 673, 611, 681, 874, 664, 692, 636, 761, 853, 720, 776, 702, 862, 815, 744, 628, 574, 668, 800, 551, 693, 678, 617, 804, 568, 535, 760, 600, 923, 552, 622, 566, 743, 743, 643, 651, 613, 630, 511, 670, 664, 587, 608, 646, 1005, 614, 682, 676, 662, 694, 614, 877, 833, 732, 772, 536, 686, 676, 612, 867, 590, 595, 581, 722, 742, 828, 640, 824]
53
[683, 585, 594, 737, 662, 756, 696, 605, 583, 680, 652, 839, 584, 855, 652, 645, 589, 783, 601, 655, 604, 651, 656, 765, 694, 623, 672, 744, 576, 738, 658, 618, 801, 585, 706, 617, 683, 744, 716, 582, 672, 648, 659, 614, 711, 848, 662, 582, 697, 673, 690, 591, 730, 736, 681, 645, 593, 579, 656, 714, 725, 611, 644, 692, 669, 606, 689, 652, 793, 720, 667, 974, 788, 638, 572, 787, 694, 600, 711, 666, 725, 677, 787, 570, 684, 783, 747, 688, 658, 576, 626, 630, 745, 719, 680, 594, 610, 777, 598, 591]
54
[602, 696, 714, 633, 668, 700, 635, 649, 752, 893, 789, 727, 652, 753, 916, 639, 696, 592, 620, 898, 722, 593, 700, 872, 616, 789, 955, 677, 686, 621, 865, 698, 712, 583, 736, 849, 612, 846, 674, 647, 617, 813, 678, 700, 549, 718, 696, 661, 849, 906, 567, 601, 758, 700, 609, 738, 759, 908, 747, 647, 752, 698, 622, 766, 809, 653, 587, 683, 646, 594, 696, 655, 707, 648, 730, 632, 873, 716, 683, 769, 787, 713, 840, 750, 603, 685, 639, 818, 781, 739, 752, 632, 666, 653, 615, 788, 678, 615, 734, 766]
55
[681, 780, 651, 865, 637, 810, 747, 686, 636, 799, 638, 726, 793, 730, 636, 793, 615, 736, 1114, 749, 666, 672, 699, 763, 799, 880, 656, 606, 630, 722, 916, 784, 647, 637, 901, 659, 764, 714, 742, 973, 749, 808, 792, 856, 712, 644, 615, 826, 675, 785, 651, 922, 685, 669, 692, 886, 750, 681, 758, 624, 924, 795, 685, 765, 687, 671, 841, 672, 838, 626, 758, 1115, 717, 808, 649, 646, 550, 806, 771, 659, 654, 735, 562, 765, 759, 728, 581, 826, 646, 747, 676, 821, 745, 706, 637, 710, 655, 872, 651, 708]
56
[819, 983, 895, 905, 709, 759, 710, 784, 760, 788, 891, 699, 723, 693, 842, 690, 873, 729, 909, 729, 893, 717, 778, 848, 767, 679, 829, 680, 696, 773, 724, 676, 806, 693, 777, 854, 718, 672, 657, 679, 745, 753, 714, 978, 734, 897, 712, 710, 762, 660, 735, 645, 687, 727, 584, 600, 617, 824, 718, 606, 692, 723, 803, 869, 550, 904, 606, 718, 633, 707, 919, 672, 545, 1030, 895, 968, 619, 630, 695, 811, 724, 721, 655, 773, 1063, 520, 740, 637, 662, 738, 757, 769, 850, 638, 716, 695, 804, 812, 901, 681]
57
[823, 647, 866, 769, 699, 641, 688, 789, 705, 935, 771, 990, 686, 730, 674, 693, 746, 834, 728, 729, 784, 690, 756, 743, 751, 770, 827, 839, 758, 617, 693, 797, 640, 728, 718, 689, 685, 965, 811, 704, 708, 803, 793, 795, 803, 745, 697, 695, 750, 652, 1046, 783, 622, 700, 667, 788, 730, 786, 743, 842, 653, 946, 895, 874, 807, 734, 655, 833, 891, 776, 734, 642, 650, 849, 1050, 778, 683, 698, 764, 795, 877, 751, 677, 711, 746, 814, 885, 728, 745, 857, 750, 755, 698, 671, 1000, 887, 908, 883, 606, 651]
58
[770, 663, 926, 771, 788, 674, 756, 907, 894, 728, 764, 646, 668, 862, 818, 705, 859, 697, 877, 749, 847, 675, 879, 628, 722, 735, 639, 1012, 760, 797, 720, 758, 769, 782, 650, 716, 817, 806, 737, 757, 688, 863, 680, 989, 815, 769, 753, 620, 798, 934, 769, 716, 709, 723, 986, 700, 881, 649, 863, 746, 672, 773, 683, 912, 823, 698, 878, 669, 717, 965, 630, 770, 703, 594, 748, 899, 861, 722, 688, 704, 724, 758, 697, 674, 677, 867, 777, 710, 786, 771, 683, 788, 730, 753, 803, 801, 715, 910, 637, 989]
59
[888, 825, 781, 784, 786, 773, 751, 748, 840, 726, 721, 813, 628, 682, 1016, 666, 709, 822, 698, 808, 896, 659, 674, 665, 728, 742, 811, 717, 869, 1049, 789, 756, 798, 686, 791, 820, 613, 776, 961, 711, 911, 788, 691, 715, 712, 726, 748, 826, 678, 625, 665, 693, 811, 807, 743, 756, 691, 778, 596, 681, 746, 751, 1074, 861, 626, 752, 666, 682, 786, 973, 756, 714, 790, 796, 664, 922, 775, 846, 757, 742, 960, 648, 765, 692, 678, 697, 852, 759, 842, 851, 903, 775, 740, 740, 890, 592, 782, 649, 798, 762]
60
[609, 707, 826, 801, 760, 737, 815, 857, 920, 902, 681, 886, 725, 817, 864, 848, 961, 694, 852, 1043, 762, 812, 1006, 915, 850, 821, 632, 989, 805, 756, 781, 900, 1078, 820, 988, 908, 733, 727, 813, 722, 648, 746, 832, 900, 814, 898, 867, 708, 757, 815, 1067, 733, 738, 712, 730, 896, 794, 730, 738, 726, 737, 729, 795, 920, 712, 876, 921, 782, 972, 708, 662, 743, 789, 820, 664, 860, 801, 690, 884, 721, 751, 923, 731, 778, 860, 907, 686, 832, 797, 801, 741, 869, 841, 930, 668, 858, 901, 747, 978, 799]
