0
[0, 0, 0, 0, 0, 0, 0, 0, 0, 0, 0, 0, 0, 0, 0, 0, 0, 0, 0, 0, 0, 0, 0, 0, 0, 0, 0, 0, 0, 0, 0, 0, 0, 0, 0, 0, 0, 0, 0, 0, 0, 0, 0, 0, 0, 0, 0, 0, 0, 0, 0, 0, 0, 0, 0, 0, 0, 0, 0, 0, 0, 0, 0, 0, 0, 0, 0, 0, 0, 0, 0, 0, 0, 0, 0, 0, 0, 0, 0, 0, 0, 0, 0, 0, 0, 0, 0, 0, 0, 0, 0, 0, 0, 0, 0, 0, 0, 0, 0, 0]
1
[0, 0, 0, 0, 0, 0, 0, 0, 0, 0, 0, 0, 0, 0, 0, 0, 0, 0, 0, 0, 0, 0, 0, 0, 0, 0, 0, 0, 0, 0, 0, 0, 0, 0, 0, 0, 0, 0, 0, 0, 0, 0, 0, 0, 0, 0, 0, 0, 0, 0, 0, 0, 0, 0, 0, 0, 0, 0, 0, 0, 0, 0, 0, 0, 0, 0, 0, 0, 0, 0, 0, 0, 0, 0, 0, 0, 0, 0, 0, 0, 0, 0, 0, 0, 0, 0, 0, 0, 0, 0, 0, 0, 0, 0, 0, 0, 0, 0, 0, 0]
2
[3, 5, 3, 2, 2, 3, 2, 3, 2, 3, 3, 2, 6, 2, 2, 2, 2, 3, 6, 2, 5, 3, 5, 2, 2, 2, 2, 2, 3, 2, 2, 5, 3, 2, 2, 2, 4, 3, 2, 2, 2, 2, 2, 2, 2, 5, 2, 2, 3, 2, 3, 2, 2, 2, 2, 2, 3, 3, 2, 2, 4, 7, 5, 2, 2, 2, 3, 2, 2, 4, 4, 2, 6, 2, 5, 3, 5, 2, 4, 4, 3, 2, 2, 2, 2, 3, 2, 3, 3, 4, 2, 5, 3, 3, 2, 2, 2, 3, 4, 3]
3
[4, 9, 12, 8, 12, 9, 5, 16, 8, 9, 10, 8, 23, 9, 14, 8, 15, 7, 17, 15, 19, 9, 12, 5, 14, 8, 14, 7, 25, 5, 11, 11, 9, 22, 6, 12, 30, 11, 14, 12, 20, 8, 9, 5, 10, 7, 10, 20, 15, 19, 6, 10, 9, 9, 6, 15, 6, 9, 10, 19, 8, 14, 7, 7, 4, 15, 5, 10, 6, 6, 12, 13, 11, 8, 8, 14, 8, 9, 21, 13, 8, 9, 15, 11, 15, 24, 11, 8, 15, 5, 11, 15, 10, 15, 14, 7, 5, 10, 7, 7]
4
[19, 29, 18, 10, 29, 43, 18, 15, 14, 18, 7, 13, 24, 10, 16, 24, 11, 65, 11, 15, 23, 20, 13, 12, 22, 38, 20, 21, 40, 17, 14, 10, 23, 11, 24, 15, 15, 50, 26, 25, 35, 15, 11, 17, 27, 33, 18, 14, 13, 23, 19, 14, 12, 11, 24, 22, 24, 15, 27, 12, 23, 21, 23, 21, 29, 14, 17, 25, 34, 26, 28, 14, 18, 20, 12, 27, 18, 44, 13, 18, 15, 10, 30, 12, 28, 18, 12, 20, 22, 25, 14, 33, 16, 31, 26, 16, 10, 15, 29, 15]
5
[24, 20, 24, 46, 16, 28, 25, 50, 35, 20, 29, 43, 19, 44, 45, 26, 25, 50, 31, 31, 36, 51, 32, 14, 19, 14, 88, 38, 38, 28, 33, 14, 37, 24, 54, 39, 15, 47, 31, 35, 30, 26, 25, 38, 23, 47, 44, 31, 15, 44, 38, 36, 34, 27, 25, 44, 12, 42, 28, 41, 21, 17, 31, 26, 19, 41, 30, 22, 31, 37, 29, 19, 36, 31, 44, 43, 22, 21, 36, 39, 27, 46, 76, 16, 27, 32, 25, 30, 58, 26, 27, 24, 39, 31, 27, 35, 15, 44, 31, 27]
6
[48, 43, 38, 37, 73, 36, 46, 36, 27, 59, 35, 68, 46, 50, 36, 31, 66, 62, 50, 51, 62, 35, 51, 43, 46, 58, 37, 54, 41, 62, 40, 48, 40, 41, 74, 68, 47, 43, 35, 37, 29, 32, 42, 73, 93, 41, 73, 61, 48, 36, 42, 59, 48, 35, 26, 26, 33, 33, 19, 23, 34, 36, 47, 39, 50, 41, 36, 64, 38, 38, 49, 55, 77, 40, 31, 63, 83, 63, 63, 49, 38, 25, 24, 36, 63, 26, 54, 81, 36, 29, 51, 37, 40, 41, 54, 37, 58, 51, 40, 42]
7
[69, 49, 59, 92, 87, 59, 32, 33, 42, 72, 51, 54, 75, 73, 84, 67, 52, 57, 42, 81, 38, 49, 62, 51, 42, 39, 110, 58, 65, 75, 27, 79, 49, 34, 58, 69, 53, 36, 38, 76, 44, 55, 31, 45, 61, 61, 34, 86, 37, 29, 38, 48, 55, 80, 58, 39, 67, 98, 142, 41, 63, 102, 69, 45, 71, 75, 37, 60, 83, 61, 61, 59, 62, 60, 34, 52, 36, 54, 71, 71, 41, 50, 49, 66, 81, 73, 65, 69, 40, 62, 39, 52, 34, 38, 64, 60, 70, 96, 67, 55]
8
[56, 108, 57, 78, 121, 99, 57, 91, 162, 53, 85, 76, 78, 59, 68, 77, 90, 76, 96, 78, 80, 56, 83, 94, 71, 109, 45, 51, 50, 93, 96, 85, 80, 81, 72, 53, 33, 56, 64, 63, 43, 86, 48, 94, 91, 80, 57, 67, 87, 36, 79, 47, 59, 73, 83, 64, 71, 92, 97, 80, 67, 93, 70, 85, 54, 89, 76, 124, 79, 111, 81, 64, 92, 33, 73, 57, 56, 71, 56, 68, 41, 56, 53, 131, 34, 82, 57, 74, 53, 65, 55, 69, 73, 84, 95, 58, 51, 85, 98, 82]
9
[74, 69, 67, 126, 60, 50, 73, 89, 87, 87, 54, 82, 63, 72, 86, 80, 114, 71, 76, 77, 99, 104, 117, 55, 86, 104, 68, 91, 100, 95, 60, 74, 76, 62, 82, 92, 74, 81, 93, 58, 83, 71, 69, 96, 96, 96, 99, 80, 65, 91, 89, 75, 75, 84, 68, 103, 64, 72, 75, 70, 99, 72, 52, 61, 131, 84, 75, 71, 67, 130, 176, 84, 60, 51, 57, 77, 60, 79, 62, 62, 63, 63, 107, 81, 120, 75, 101, 58, 94, 120, 110, 121, 115, 88, 68, 116, 73, 69, 133, 82]
10
[84, 130, 110, 101, 100, 132, 98, 103, 68, 118, 102, 74, 106, 77, 125, 103, 126, 106, 90, 98, 78, 149, 118, 84, 200, 166, 114, 95, 115, 156, 169, 84, 87, 190, 72, 108, 78, 179, 96, 189, 70, 111, 106, 119, 140, 94, 75, 94, 68, 74, 57, 101, 65, 80, 123, 107, 64, 83, 108, 96, 93, 112, 112, 111, 98, 92, 95, 100, 96, 115, 222, 93, 141, 89, 112, 99, 100, 97, 138, 78, 121, 83, 117, 89, 123, 91, 94, 129, 95, 95, 93, 118, 157, 95, 105, 107, 122, 96, 161, 186]
11
[116, 92, 86, 133, 111, 100, 98, 90, 137, 111, 161, 172, 90, 80, 129, 78, 120, 251, 121, 126, 158, 105, 124, 137, 95, 98, 130, 88, 80, 99, 92, 113, 87, 144, 130, 99, 115, 128, 189, 94, 154, 131, 71, 171, 134, 85, 86, 105, 112, 112, 121, 75, 110, 128, 104, 86, 103, 100, 132, 107, 103, 52, 121, 94, 204, 110, 150, 169, 122, 112, 80, 180, 152, 137, 74, 95, 92, 100, 92, 109, 73, 128, 141, 135, 153, 63, 157, 97, 151, 165, 194, 77, 108, 84, 128, 140, 115, 77, 87, 98]
12
[118, 115, 110, 195, 115, 107, 68, 129, 240, 190, 159, 110, 116, 84, 99, 144, 91, 107, 95, 78, 139, 101, 94, 124, 212, 95, 189, 79, 88, 124, 105, 172, 123, 110, 109, 107, 167, 144, 210, 140, 210, 142, 76, 139, 73, 102, 176, 119, 164, 104, 106, 135, 105, 138, 174, 175, 123, 106, 68, 101, 162, 140, 145, 118, 112, 129, 108, 109, 95, 122, 120, 184, 98, 135, 144, 153, 134, 145, 119, 194, 149, 114, 122, 100, 78, 162, 91, 144, 79, 124, 153, 145, 133, 87, 123, 149, 98, 135, 95, 103]
13
[126, 90, 151, 140, 156, 300, 122, 126, 218, 157, 188, 107, 147, 153, 118, 164, 130, 131, 116, 119, 167, 187, 140, 115, 97, 141, 200, 163, 87, 191, 98, 189, 116, 134, 196, 138, 147, 114, 192, 141, 184, 170, 100, 131, 171, 167, 102, 160, 143, 151, 109, 171, 123, 165, 164, 274, 109, 193, 198, 138, 132, 80, 189, 95, 137, 133, 90, 216, 202, 86, 200, 180, 143, 148, 116, 133, 185, 178, 153, 138, 82, 121, 130, 128, 185, 163, 159, 146, 145, 118, 185, 170, 94, 112, 194, 144, 131, 158, 129, 128]
14
[140, 220, 103, 163, 129, 183, 168, 146, 163, 104, 139, 115, 118, 210, 137, 237, 140, 106, 137, 139, 158, 164, 131, 135, 172, 186, 139, 122, 100, 167, 189, 238, 166, 110, 125, 196, 116, 155, 211, 156, 115, 123, 188, 170, 114, 192, 146, 138, 162, 141, 73, 225, 207, 155, 245, 152, 184, 147, 170, 232, 135, 118, 116, 183, 170, 132, 201, 142, 162, 164, 256, 133, 160, 181, 212, 126, 181, 130, 146, 143, 122, 213, 155, 216, 136, 188, 142, 113, 173, 100, 166, 137, 266, 85, 136, 176, 151, 142, 115, 125]
15
[248, 209, 282, 276, 183, 179, 127, 162, 122, 154, 222, 159, 285, 295, 165, 165, 163, 149, 237, 180, 161, 211, 229, 206, 162, 164, 161, 190, 121, 135, 134, 290, 253, 250, 204, 209, 132, 143, 240, 165, 192, 203, 268, 213, 154, 151, 253, 244, 234, 313, 234, 115, 142, 199, 194, 194, 172, 176, 169, 298, 200, 96, 145, 159, 230, 169, 184, 83, 171, 209, 148, 174, 188, 134, 155, 167, 130, 128, 127, 208, 126, 285, 165, 189, 196, 170, 137, 127, 303, 158, 155, 149, 191, 167, 126, 179, 129, 231, 205, 181]
16
[204, 236, 218, 259, 308, 180, 292, 203, 134, 121, 155, 195, 244, 248, 269, 178, 275, 226, 195, 121, 193, 160, 187, 150, 172, 283, 156, 224, 221, 138, 190, 137, 154, 292, 175, 200, 147, 194, 175, 154, 157, 183, 168, 132, 200, 203, 195, 207, 269, 257, 156, 212, 166, 176, 290, 193, 168, 188, 208, 223, 172, 169, 172, 264, 217, 247, 208, 191, 137, 204, 226, 267, 314, 244, 231, 204, 205, 171, 145, 256, 267, 232, 193, 182, 245, 235, 116, 153, 215, 246, 196, 247, 218, 237, 218, 185, 186, 171, 171, 113]
17
[342, 222, 293, 158, 251, 308, 169, 136, 251, 197, 247, 199, 200, 227, 212, 364, 180, 185, 250, 362, 250, 290, 152, 383, 205, 206, 191, 191, 333, 290, 227, 226, 189, 162, 178, 181, 184, 203, 383, 195, 210, 181, 236, 316, 186, 380, 192, 245, 154, 308, 252, 122, 147, 425, 189, 266, 299, 247, 202, 345, 220, 222, 184, 304, 207, 166, 178, 239, 105, 444, 285, 199, 336, 207, 218, 187, 142, 212, 138, 235, 230, 164, 158, 158, 218, 114, 131, 227, 410, 207, 237, 192, 221, 348, 145, 167, 256, 266, 235, 246]
18
[181, 210, 201, 268, 225, 183, 223, 321, 450, 203, 226, 201, 207, 241, 204, 232, 159, 320, 241, 236, 251, 271, 234, 234, 244, 275, 245, 178, 156, 195, 258, 189, 252, 270, 220, 195, 277, 177, 184, 262, 149, 198, 199, 199, 438, 138, 317, 218, 201, 206, 204, 224, 236, 119, 222, 216, 163, 215, 266, 336, 254, 268, 357, 229, 255, 263, 260, 235, 135, 279, 160, 240, 268, 269, 236, 232, 263, 335, 271, 262, 182, 166, 275, 227, 209, 343, 348, 195, 240, 192, 172, 283, 262, 184, 206, 131, 245, 281, 206, 344]
19
[272, 273, 297, 276, 183, 586, 318, 216, 251, 240, 248, 213, 186, 195, 148, 355, 222, 210, 245, 234, 205, 220, 274, 307, 279, 144, 215, 160, 225, 196, 365, 268, 374, 268, 271, 227, 222, 214, 428, 344, 366, 242, 180, 328, 380, 341, 224, 236, 227, 319, 456, 200, 192, 215, 273, 200, 313, 168, 176, 244, 224, 284, 189, 155, 276, 338, 242, 302, 232, 341, 322, 157, 479, 322, 291, 219, 202, 313, 339, 387, 299, 271, 254, 345, 253, 298, 277, 262, 258, 198, 384, 249, 467, 268, 174, 224, 278, 235, 200, 265]
20
[316, 256, 182, 243, 278, 344, 400, 222, 287, 383, 278, 318, 262, 211, 314, 215, 233, 332, 242, 237, 327, 293, 201, 254, 210, 345, 219, 183, 206, 384, 241, 331, 238, 237, 300, 168, 253, 290, 331, 380, 189, 244, 394, 274, 250, 263, 267, 258, 294, 326, 195, 294, 355, 279, 291, 208, 401, 209, 251, 278, 240, 264, 243, 179, 289, 270, 284, 264, 197, 264, 265, 276, 345, 253, 472, 197, 262, 196, 303, 340, 258, 211, 202, 345, 419, 313, 324, 219, 277, 258, 289, 297, 256, 204, 269, 215, 382, 269, 319, 213]
21
[459, 302, 201, 396, 256, 351, 326, 189, 409, 331, 333, 192, 248, 343, 284, 373, 244, 402, 334, 311, 301, 201, 271, 241, 306, 310, 357, 380, 212, 333, 255, 244, 266, 234, 366, 363, 293, 257, 301, 518, 294, 280, 258, 309, 263, 245, 217, 221, 319, 350, 314, 330, 274, 217, 235, 304, 268, 301, 226, 264, 360, 258, 253, 383, 216, 271, 276, 303, 271, 319, 415, 321, 285, 179, 259, 203, 512, 247, 310, 227, 300, 261, 372, 241, 226, 331, 311, 429, 315, 261, 377, 245, 215, 303, 271, 311, 274, 227, 435, 193]
22
[296, 306, 296, 317, 267, 310, 277, 382, 342, 412, 170, 368, 225, 420, 293, 233, 217, 337, 355, 421, 290, 327, 253, 281, 320, 327, 204, 347, 263, 285, 318, 370, 360, 253, 337, 316, 278, 219, 257, 278, 412, 286, 352, 358, 306, 291, 224, 256, 299, 276, 276, 454, 478, 293, 363, 299, 248, 349, 271, 460, 314, 299, 411, 223, 441, 291, 352, 241, 322, 294, 322, 247, 295, 548, 311, 406, 460, 253, 330, 312, 374, 371, 287, 421, 424, 338, 309, 228, 241, 278, 235, 341, 230, 307, 301, 352, 212, 384, 229, 299]
23
[247, 415, 285, 412, 287, 247, 282, 310, 295, 493, 401, 315, 302, 335, 244, 230, 434, 306, 284, 308, 427, 262, 357, 299, 217, 356, 252, 309, 418, 292, 416, 217, 381, 272, 240, 352, 326, 284, 301, 324, 317, 318, 422, 285, 284, 281, 177, 240, 322, 295, 341, 266, 259, 526, 353, 245, 265, 194, 314, 344, 233, 373, 347, 324, 300, 334, 337, 313, 212, 205, 311, 394, 300, 363, 251, 215, 570, 281, 571, 172, 371, 264, 361, 300, 438, 259, 296, 392, 309, 271, 190, 396, 322, 220, 257, 373, 329, 224, 273, 417]
24
[348, 533, 255, 389, 437, 305, 247, 364, 777, 437, 268, 271, 293, 462, 305, 341, 371, 317, 372, 293, 403, 382, 259, 307, 286, 335, 362, 398, 361, 608, 372, 326, 381, 425, 272, 480, 522, 351, 288, 336, 316, 236, 243, 202, 415, 309, 378, 358, 233, 439, 379, 312, 230, 275, 258, 334, 650, 409, 288, 491, 463, 324, 369, 280, 435, 361, 316, 360, 378, 257, 350, 402, 347, 386, 423, 360, 491, 398, 448, 318, 271, 318, 446, 201, 391, 216, 179, 270, 436, 405, 497, 430, 383, 369, 334, 258, 340, 486, 331, 344]
25
[282, 327, 360, 347, 251, 206, 464, 369, 298, 333, 295, 463, 392, 362, 365, 325, 549, 339, 367, 333, 412, 394, 259, 257, 346, 324, 248, 412, 259, 476, 431, 344, 382, 437, 530, 472, 263, 484, 218, 272, 258, 249, 405, 273, 360, 438, 335, 322, 343, 356, 351, 274, 367, 346, 366, 256, 363, 440, 288, 461, 704, 509, 506, 230, 510, 358, 376, 412, 277, 445, 266, 348, 336, 279, 567, 392, 394, 323, 339, 325, 328, 284, 311, 500, 242, 561, 289, 412, 391, 320, 266, 397, 308, 440, 304, 398, 354, 260, 404, 335]
26
[404, 326, 343, 326, 332, 257, 502, 457, 292, 386, 547, 342, 406, 248, 596, 402, 262, 329, 497, 467, 559, 295, 306, 371, 474, 285, 319, 352, 526, 411, 421, 512, 400, 419, 289, 540, 401, 232, 340, 305, 386, 306, 222, 335, 336, 318, 278, 447, 297, 304, 357, 370, 292, 311, 350, 333, 280, 479, 382, 423, 440, 507, 583, 269, 358, 331, 484, 350, 400, 336, 360, 387, 526, 444, 375, 750, 357, 206, 452, 501, 544, 445, 352, 632, 499, 277, 388, 425, 328, 365, 420, 326, 503, 362, 381, 404, 326, 384, 516, 335]
27
[331, 482, 468, 496, 476, 434, 314, 372, 418, 296, 533, 473, 288, 322, 518, 432, 490, 337, 251, 341, 345, 418, 485, 379, 293, 489, 425, 425, 466, 490, 431, 467, 435, 303, 298, 280, 386, 371, 401, 333, 297, 613, 392, 529, 326, 242, 492, 534, 451, 501, 449, 482, 347, 458, 278, 414, 318, 352, 413, 518, 427, 310, 367, 548, 318, 371, 305, 255, 284, 494, 449, 581, 302, 540, 197, 336, 400, 415, 494, 547, 302, 359, 391, 330, 337, 490, 381, 462, 343, 351, 508, 262, 412, 423, 393, 316, 595, 278, 457, 237]
28
[418, 488, 481, 390, 357, 255, 328, 380, 389, 397, 496, 421, 417, 308, 344, 438, 363, 476, 494, 429, 291, 405, 555, 333, 404, 517, 364, 501, 385, 469, 345, 566, 330, 666, 369, 547, 525, 344, 412, 405, 430, 330, 275, 434, 491, 405, 312, 578, 389, 300, 332, 626, 387, 221, 352, 308, 559, 457, 297, 451, 506, 371, 416, 561, 357, 350, 541, 529, 412, 443, 483, 431, 291, 415, 435, 397, 444, 437, 267, 323, 395, 607, 423, 290, 435, 325, 308, 460, 304, 627, 374, 459, 420, 694, 479, 409, 463, 516, 316, 383]
29
[505, 603, 466, 387, 294, 481, 354, 475, 365, 569, 350, 410, 557, 651, 524, 531, 277, 376, 508, 412, 488, 400, 411, 539, 437, 474, 442, 428, 489, 462, 448, 459, 420, 411, 362, 467, 378, 393, 352, 593, 500, 528, 438, 520, 396, 321, 328, 470, 342, 491, 438, 405, 622, 527, 494, 387, 361, 478, 412, 471, 536, 306, 340, 374, 382, 351, 297, 364, 382, 502, 357, 341, 414, 422, 434, 546, 419, 448, 346, 531, 345, 448, 335, 638, 537, 360, 394, 417, 524, 412, 440, 718, 331, 352, 305, 416, 449, 774, 497, 338]
30
[382, 442, 381, 428, 510, 301, 299, 418, 334, 328, 499, 506, 565, 601, 278, 447, 446, 360, 418, 581, 425, 553, 489, 536, 340, 411, 482, 572, 426, 626, 626, 522, 390, 472, 442, 364, 658, 607, 483, 412, 437, 380, 459, 423, 509, 419, 457, 485, 586, 460, 446, 556, 440, 392, 410, 444, 359, 268, 649, 423, 479, 419, 340, 680, 496, 447, 550, 495, 477, 411, 284, 491, 486, 475, 395, 480, 453, 520, 557, 382, 384, 436, 401, 512, 376, 347, 570, 523, 360, 443, 524, 543, 371, 388, 477, 543, 533, 612, 424, 485]
31
[318, 612, 508, 497, 444, 328, 577, 439, 409, 546, 426, 625, 425, 483, 405, 502, 552, 384, 462, 514, 336, 582, 615, 521, 455, 489, 447, 567, 568, 424, 324, 460, 457, 486, 433, 479, 516, 447, 472, 443, 541, 492, 488, 364, 634, 438, 471, 519, 422, 583, 387, 440, 419, 354, 413, 428, 292, 558, 559, 382, 573, 463, 491, 392, 760, 490, 470, 365, 394, 592, 481, 307, 353, 450, 403, 421, 463, 477, 502, 463, 378, 356, 524, 366, 538, 461, 698, 417, 481, 599, 790, 416, 359, 456, 386, 447, 584, 495, 486, 594]
32
[361, 358, 665, 624, 339, 695, 489, 582, 647, 545, 459, 494, 466, 336, 408, 509, 532, 384, 418, 483, 413, 408, 479, 338, 754, 421, 520, 427, 459, 480, 615, 386, 421, 557, 427, 404, 381, 418, 490, 709, 555, 399, 545, 503, 520, 466, 790, 413, 735, 452, 398, 709, 552, 501, 453, 354, 446, 346, 403, 519, 483, 726, 528, 430, 538, 564, 467, 610, 504, 381, 426, 547, 431, 649, 511, 472, 433, 565, 469, 559, 459, 549, 436, 932, 445, 570, 527, 551, 434, 533, 495, 350, 651, 338, 765, 323, 476, 390, 479, 444]
33
[582, 534, 624, 367, 580, 527, 567, 558, 358, 430, 592, 358, 750, 557, 419, 453, 404, 456, 367, 527, 458, 437, 722, 465, 586, 610, 323, 579, 653, 392, 374, 426, 347, 416, 472, 473, 573, 570, 442, 564, 340, 387, 339, 628, 511, 387, 533, 517, 357, 422, 324, 671, 432, 537, 436, 529, 345, 340, 485, 516, 509, 609, 584, 424, 618, 482, 732, 430, 716, 620, 798, 484, 413, 548, 607, 427, 530, 589, 598, 555, 555, 443, 641, 520, 615, 514, 558, 347, 458, 740, 714, 528, 434, 813, 410, 532, 341, 471, 535, 399]
34
[356, 634, 566, 407, 449, 431, 431, 794, 529, 501, 457, 398, 567, 553, 609, 613, 518, 427, 480, 689, 511, 421, 576, 594, 718, 637, 452, 392, 606, 435, 437, 561, 539, 461, 457, 524, 406, 695, 570, 685, 488, 672, 742, 559, 472, 708, 759, 483, 395, 696, 482, 469, 579, 612, 606, 686, 364, 396, 558, 459, 1015, 669, 497, 549, 365, 410, 438, 735, 633, 499, 563, 560, 626, 599, 492, 620, 520, 426, 315, 404, 562, 731, 380, 602, 497, 416, 626, 455, 412, 512, 562, 416, 497, 664, 482, 454, 454, 592, 438, 640]
35
[521, 411, 414, 581, 588, 556, 363, 594, 549, 474, 574, 469, 552, 393, 589, 541, 454, 494, 393, 507, 535, 448, 440, 532, 491, 585, 707, 461, 665, 401, 629, 618, 1066, 507, 574, 476, 579, 476, 726, 625, 547, 398, 543, 432, 549, 531, 487, 443, 641, 504, 817, 394, 487, 530, 620, 454, 318, 530, 824, 568, 518, 507, 835, 484, 621, 710, 702, 685, 523, 561, 559, 448, 437, 518, 395, 507, 488, 382, 627, 436, 497, 585, 492, 609, 816, 644, 432, 490, 805, 471, 534, 413, 626, 436, 603, 496, 422, 591, 529, 710]
36
[557, 575, 617, 720, 608, 698, 708, 690, 601, 549, 592, 746, 813, 725, 666, 696, 429, 640, 811, 801, 598, 771, 411, 613, 608, 601, 465, 493, 694, 557, 702, 762, 434, 765, 595, 726, 594, 555, 444, 472, 577, 546, 682, 684, 629, 453, 488, 561, 598, 430, 623, 799, 421, 784, 539, 435, 427, 835, 643, 678, 524, 531, 524, 871, 538, 500, 663, 476, 519, 389, 419, 497, 618, 632, 894, 584, 559, 489, 690, 396, 532, 445, 438, 660, 554, 491, 624, 487, 746, 525, 726, 402, 631, 788, 681, 535, 459, 582, 644, 409]
37
[714, 537, 458, 476, 510, 560, 499, 495, 1024, 383, 428, 739, 417, 577, 512, 656, 495, 793, 576, 915, 506, 625, 588, 487, 818, 592, 360, 531, 630, 598, 417, 462, 661, 657, 520, 524, 578, 842, 503, 606, 525, 553, 491, 508, 842, 735, 638, 717, 480, 493, 695, 654, 592, 686, 554, 597, 635, 552, 811, 314, 606, 424, 531, 511, 625, 710, 605, 355, 505, 494, 768, 636, 508, 604, 647, 553, 491, 709, 622, 457, 599, 1061, 835, 563, 505, 480, 622, 840, 687, 589, 618, 708, 549, 461, 624, 406, 474, 726, 607, 787]
38
[520, 628, 618, 409, 687, 598, 603, 556, 554, 418, 533, 548, 583, 786, 538, 515, 747, 711, 589, 613, 744, 552, 650, 1139, 668, 794, 608, 658, 422, 614, 729, 509, 697, 719, 572, 523, 505, 543, 612, 452, 499, 587, 807, 644, 494, 604, 600, 892, 442, 680, 707, 828, 685, 496, 755, 626, 787, 708, 638, 727, 580, 762, 488, 739, 646, 427, 783, 538, 635, 453, 602, 924, 484, 540, 578, 722, 713, 447, 406, 685, 365, 523, 564, 541, 463, 671, 471, 679, 473, 611, 736, 647, 817, 693, 619, 468, 494, 728, 459, 530]
39
[578, 710, 624, 953, 520, 361, 710, 614, 469, 449, 453, 668, 543, 545, 780, 817, 601, 597, 637, 542, 462, 832, 744, 637, 589, 654, 591, 493, 963, 705, 541, 1005, 586, 719, 674, 639, 547, 666, 712, 538, 658, 756, 654, 849, 864, 688, 1038, 913, 487, 466, 775, 532, 782, 589, 560, 896, 678, 657, 642, 494, 476, 759, 422, 817, 620, 690, 1080, 740, 678, 504, 673, 680, 674, 707, 657, 555, 716, 591, 598, 780, 704, 1026, 625, 600, 622, 602, 539, 749, 930, 546, 586, 588, 754, 858, 610, 555, 659, 832, 467, 615]
40
[742, 628, 487, 570, 512, 838, 527, 758, 720, 904, 707, 670, 734, 903, 701, 683, 621, 1043, 655, 587, 501, 571, 867, 671, 606, 522, 583, 678, 506, 846, 695, 668, 705, 823, 809, 917, 545, 678, 739, 872, 758, 412, 681, 590, 646, 459, 500, 689, 628, 656, 793, 989, 608, 771, 633, 444, 584, 741, 623, 642, 447, 728, 665, 724, 680, 431, 627, 590, 499, 540, 656, 750, 756, 600, 797, 683, 524, 639, 661, 506, 689, 593, 619, 699, 491, 829, 588, 613, 630, 590, 804, 821, 574, 703, 619, 551, 587, 758, 595, 1002]
41
[814, 596, 660, 727, 858, 955, 688, 848, 764, 830, 684, 546, 714, 754, 540, 539, 544, 411, 551, 633, 911, 536, 765, 650, 586, 543, 657, 590, 832, 907, 493, 726, 741, 655, 698, 760, 563, 1052, 678, 553, 668, 727, 555, 606, 852, 995, 682, 807, 1090, 629, 536, 582, 612, 655, 723, 778, 790, 781, 776, 522, 706, 703, 662, 974, 684, 595, 587, 808, 665, 665, 620, 590, 646, 833, 799, 888, 887, 823, 715, 817, 563, 562, 575, 845, 679, 766, 666, 690, 579, 851, 506, 1014, 611, 462, 696, 880, 658, 575, 428, 661]
42
[603, 916, 710, 709, 825, 774, 594, 959, 545, 682, 493, 760, 796, 561, 943, 580, 649, 600, 835, 745, 702, 794, 692, 873, 560, 742, 691, 646, 915, 541, 778, 687, 593, 975, 752, 770, 860, 562, 873, 627, 553, 896, 789, 1389, 697, 786, 462, 760, 927, 726, 684, 788, 589, 852, 556, 532, 785, 620, 872, 532, 595, 568, 883, 935, 662, 739, 685, 671, 748, 706, 714, 628, 699, 773, 745, 736, 727, 611, 598, 662, 599, 886, 633, 789, 911, 706, 672, 599, 865, 751, 805, 842, 745, 777, 652, 630, 1069, 816, 636, 818]
43
[713, 727, 555, 709, 724, 904, 568, 557, 619, 1109, 775, 684, 806, 593, 711, 711, 598, 746, 767, 536, 545, 744, 955, 1192, 735, 753, 617, 764, 1031, 628, 489, 909, 487, 828, 655, 581, 552, 825, 627, 685, 660, 657, 611, 635, 695, 646, 890, 846, 649, 742, 469, 766, 642, 991, 771, 530, 834, 675, 572, 671, 832, 830, 879, 765, 888, 854, 476, 713, 794, 847, 908, 781, 713, 614, 535, 581, 908, 783, 505, 1063, 515, 737, 671, 1108, 867, 743, 712, 633, 617, 625, 840, 477, 643, 852, 762, 688, 787, 522, 776, 617]
44
[809, 800, 602, 645, 773, 648, 1067, 848, 830, 758, 745, 586, 1023, 616, 684, 880, 638, 1069, 770, 926, 622, 736, 537, 813, 562, 845, 1323, 876, 695, 666, 652, 633, 625, 667, 677, 745, 1236, 659, 629, 859, 662, 728, 858, 706, 780, 691, 722, 671, 701, 504, 623, 909, 806, 651, 551, 931, 594, 1130, 729, 663, 689, 927, 868, 517, 765, 773, 895, 771, 566, 1068, 541, 623, 509, 550, 619, 694, 657, 767, 875, 810, 479, 1058, 538, 673, 486, 666, 503, 1089, 769, 939, 572, 627, 523, 618, 999, 1079, 991, 750, 787, 846]
45
[679, 845, 793, 628, 742, 535, 832, 632, 997, 1216, 564, 803, 1112, 942, 608, 715, 769, 691, 607, 707, 1092, 489, 716, 906, 779, 800, 612, 974, 1351, 998, 635, 602, 771, 664, 806, 813, 740, 630, 834, 742, 788, 1011, 764, 646, 815, 626, 757, 967, 797, 646, 1028, 537, 693, 791, 767, 878, 676, 588, 655, 772, 1003, 565, 852, 660, 824, 917, 798, 628, 693, 748, 591, 841, 640, 784, 628, 734, 1100, 1145, 607, 721, 724, 828, 849, 613, 698, 1169, 819, 963, 688, 618, 1038, 617, 486, 893, 960, 1114, 625, 686, 674, 1007]
46
[679, 652, 790, 552, 738, 734, 705, 944, 776, 1004, 451, 657, 764, 716, 782, 1100, 661, 795, 660, 898, 710, 807, 515, 744, 646, 1001, 733, 679, 807, 702, 829, 795, 637, 881, 631, 1183, 626, 777, 779, 671, 677, 757, 1095, 855, 770, 809, 836, 721, 724, 881, 747, 689, 574, 1178, 982, 597, 750, 679, 594, 759, 695, 760, 964, 487, 637, 480, 839, 792, 991, 648, 957, 639, 588, 1104, 597, 622, 759, 570, 768, 837, 934, 673, 915, 720, 753, 628, 894, 832, 579, 859, 568, 820, 637, 728, 892, 1039, 679, 742, 703, 709]
47
[771, 707, 701, 916, 732, 766, 929, 677, 789, 726, 780, 924, 874, 730, 683, 1041, 1012, 535, 628, 743, 597, 658, 918, 639, 677, 1016, 731, 749, 767, 952, 846, 648, 589, 1084, 778, 970, 716, 735, 756, 722, 678, 872, 883, 880, 650, 919, 950, 1191, 673, 765, 722, 689, 586, 669, 827, 659, 873, 544, 653, 550, 1048, 660, 648, 911, 969, 694, 710, 1104, 1114, 1383, 880, 852, 1153, 872, 689, 720, 797, 543, 834, 623, 716, 836, 800, 836, 538, 986, 672, 723, 924, 596, 811, 649, 898, 826, 729, 786, 722, 588, 935, 768]
48
[1093, 700, 884, 1021, 933, 732, 609, 757, 967, 783, 643, 842, 988, 778, 721, 888, 573, 815, 923, 745, 835, 776, 624, 1006, 1132, 633, 785, 612, 1108, 782, 651, 936, 744, 1036, 839, 933, 525, 781, 817, 568, 963, 648, 951, 845, 948, 1118, 675, 903, 804, 729, 804, 861, 876, 875, 848, 1172, 735, 853, 614, 851, 924, 886, 918, 760, 750, 857, 795, 1042, 774, 887, 1063, 860, 842, 1333, 722, 674, 775, 645, 929, 704, 800, 872, 983, 786, 820, 967, 894, 1119, 889, 652, 962, 868, 845, 810, 720, 1177, 811, 707, 879, 760]
49
[726, 857, 885, 961, 886, 758, 1004, 988, 1057, 1067, 855, 787, 1136, 770, 602, 1420, 821, 986, 972, 1022, 756, 789, 682, 708, 1020, 1026, 870, 810, 861, 731, 861, 626, 810, 719, 741, 1010, 843, 712, 1131, 912, 709, 756, 996, 895, 1020, 656, 817, 941, 562, 742, 696, 765, 1022, 993, 963, 753, 854, 695, 853, 650, 874, 951, 765, 989, 778, 953, 638, 712, 880, 819, 888, 810, 937, 626, 937, 886, 935, 903, 1023, 1065, 904, 1276, 628, 721, 907, 1024, 757, 917, 1149, 875, 733, 671, 857, 733, 606, 953, 781, 937, 764, 800]
50
[816, 1477, 900, 743, 816, 1451, 1020, 907, 994, 704, 861, 930, 874, 577, 836, 691, 869, 763, 839, 919, 1014, 856, 855, 1082, 868, 1172, 690, 848, 752, 948, 953, 750, 609, 676, 964, 713, 899, 1107, 974, 754, 988, 905, 1279, 1071, 903, 1022, 619, 904, 1134, 587, 956, 754, 965, 1036, 802, 991, 915, 636, 858, 1027, 881, 789, 1209, 918, 924, 858, 651, 933, 1326, 851, 757, 727, 990, 617, 1109, 1008, 829, 1062, 1074, 772, 886, 830, 654, 572, 717, 979, 1021, 788, 1297, 802, 735, 1124, 528, 951, 1027, 850, 836, 1304, 811, 879]
