3
[7, 6, 12, 9, 8, 8, 19, 6, 8, 22]
4
[20, 26, 19, 20, 20, 19, 24, 14, 22, 17]
5
[39, 32, 34, 35, 17, 26, 34, 25, 53, 41]
6
[100, 79, 59, 48, 89, 41, 44, 53, 91, 35]
7
[98, 98, 136, 61, 74, 90, 63, 112, 94, 81]
8
[123, 101, 208, 110, 122, 200, 207, 187, 205, 162]
9
[137, 185, 107, 228, 558, 222, 129, 99, 113, 166]
3
[14, 4, 11, 9, 6, 7, 11, 11, 11, 13]
4
[28, 28, 24, 25, 9, 20, 30, 15, 26, 14]
5
[28, 25, 37, 34, 24, 23, 19, 44, 43, 21]
6
[45, 54, 34, 48, 45, 47, 54, 46, 99, 86]
7
[74, 132, 95, 122, 97, 46, 56, 52, 73, 57]
8
[243, 103, 156, 128, 131, 114, 95, 99, 97, 309]
9
[127, 164, 87, 205, 453, 831, 135, 258, 148, 127]
3
[9, 8, 9, 8, 9, 8, 9, 5, 13, 11]
4
[17, 31, 24, 11, 61, 31, 23, 14, 40, 21]
5
[34, 28, 38, 17, 33, 34, 34, 39, 46, 28]
6
[87, 59, 53, 56, 47, 86, 60, 107, 73, 87]
7
[78, 48, 93, 53, 65, 55, 73, 87, 116, 130]
8
[93, 75, 151, 239, 131, 162, 302, 87, 163, 212]
9
[160, 252, 271, 254, 112, 82, 190, 335, 197, 176]
3
[10, 4, 14, 5, 6, 7, 13, 9, 7, 18]
4
[20, 31, 15, 16, 14, 11, 48, 35, 30, 20]
5
[31, 34, 29, 31, 33, 50, 23, 43, 23, 56]
6
[77, 54, 84, 45, 98, 98, 62, 61, 65, 162]
7
[69, 98, 77, 129, 73, 205, 55, 122, 130, 178]
8
[176, 75, 135, 104, 99, 158, 85, 104, 47, 291]
9
[76, 535, 138, 351, 221, 173, 162, 166, 138, 273]
3
[14, 6, 7, 12, 8, 6, 12, 16, 9, 11]
4
[33, 15, 21, 33, 8, 13, 28, 12, 21, 23]
5
[35, 31, 42, 42, 30, 34, 25, 38, 30, 33]
6
[60, 68, 60, 77, 38, 108, 76, 63, 75, 31]
7
[84, 70, 200, 97, 169, 65, 74, 92, 75, 81]
8
[48, 136, 157, 103, 290, 134, 83, 79, 68, 67]
9
[68, 124, 132, 157, 205, 401, 198, 433, 111, 288]
3
[14, 7, 8, 5, 6, 6, 7, 7, 11, 9]
4
[28, 38, 22, 11, 14, 24, 14, 28, 8, 13]
5
[41, 31, 23, 15, 39, 36, 45, 47, 58, 39]
6
[41, 42, 27, 39, 46, 116, 76, 85, 48, 35]
7
[45, 93, 197, 178, 102, 112, 77, 158, 65, 56]
8
[133, 136, 93, 55, 145, 65, 122, 29, 80, 136]
9
[189, 320, 269, 63, 156, 127, 73, 355, 283, 227]
3
[7, 6, 7, 9, 11, 7, 6, 10, 14, 8]
4
[18, 26, 18, 20, 14, 27, 15, 7, 15, 17]
5
[44, 18, 80, 30, 53, 25, 34, 44, 62, 15]
6
[64, 37, 79, 33, 33, 44, 34, 34, 59, 48]
7
[102, 149, 71, 39, 76, 100, 93, 100, 108, 66]
8
[82, 178, 34, 90, 202, 127, 104, 132, 82, 161]
9
[296, 203, 224, 337, 159, 235, 146, 134, 399, 90]
3
[7, 14, 7, 9, 8, 7, 7, 8, 10, 4]
4
[11, 18, 9, 40, 23, 14, 16, 11, 17, 36]
5
[42, 38, 66, 49, 71, 66, 23, 77, 35, 35]
6
[59, 48, 47, 91, 58, 71, 57, 56, 39, 41]
7
[166, 59, 61, 170, 70, 61, 115, 168, 62, 108]
8
[91, 77, 119, 306, 297, 99, 58, 170, 106, 166]
9
[125, 77, 350, 211, 335, 494, 275, 76, 286, 225]
3
[10, 4, 6, 11, 11, 18, 12, 6, 6, 18]
4
[15, 15, 19, 32, 22, 25, 27, 32, 27, 24]
5
[22, 47, 56, 28, 46, 14, 37, 47, 32, 30]
6
[76, 18, 95, 71, 41, 50, 63, 85, 44, 111]
7
[78, 67, 52, 56, 138, 165, 164, 66, 122, 108]
8
[159, 73, 137, 170, 179, 73, 75, 107, 261, 80]
9
[155, 434, 954, 237, 143, 216, 200, 210, 82, 509]
3
[14, 11, 19, 8, 8, 12, 9, 19, 7, 8]
4
[15, 31, 25, 21, 25, 22, 8, 24, 21, 15]
5
[39, 33, 27, 37, 56, 59, 35, 37, 18, 44]
6
[43, 73, 64, 72, 119, 51, 54, 100, 54, 40]
7
[118, 83, 88, 78, 50, 62, 134, 69, 202, 87]
8
[89, 367, 152, 47, 67, 234, 210, 90, 88, 101]
9
[162, 614, 299, 207, 234, 419, 171, 100, 150, 553]
3
[14, 6, 10, 11, 5, 11, 7, 14, 4, 13]
4
[26, 14, 12, 23, 22, 17, 10, 35, 31, 15]
5
[30, 44, 18, 24, 38, 21, 48, 32, 19, 67]
6
[40, 46, 68, 33, 38, 48, 80, 68, 80, 29]
7
[183, 115, 90, 68, 48, 55, 81, 165, 147, 76]
8
[84, 251, 89, 156, 200, 166, 120, 78, 243, 85]
9
[160, 184, 151, 157, 64, 96, 263, 426, 399, 146]
3
[10, 10, 11, 9, 7, 8, 13, 18, 8, 4]
4
[11, 20, 27, 20, 21, 10, 54, 12, 10, 23]
5
[71, 34, 57, 21, 44, 33, 14, 26, 19, 26]
6
[95, 94, 39, 79, 105, 33, 61, 101, 63, 48]
7
[63, 86, 90, 123, 73, 114, 57, 112, 36, 99]
8
[104, 126, 116, 94, 104, 242, 61, 128, 93, 129]
9
[703, 420, 121, 167, 68, 311, 487, 121, 972, 353]
3
[13, 14, 19, 11, 7, 6, 4, 9, 17, 12]
4
[28, 30, 24, 12, 16, 27, 27, 42, 15, 21]
5
[34, 22, 25, 46, 56, 26, 24, 17, 19, 42]
6
[62, 29, 59, 55, 67, 48, 64, 35, 36, 50]
7
[75, 49, 47, 81, 87, 47, 48, 80, 63, 120]
8
[187, 41, 124, 174, 177, 198, 96, 95, 139, 78]
9
[169, 452, 515, 325, 107, 181, 128, 221, 316, 145]
3
[9, 16, 4, 15, 14, 8, 9, 10, 12, 19]
4
[23, 20, 16, 16, 16, 17, 23, 28, 20, 27]
5
[32, 50, 31, 24, 57, 30, 21, 47, 41, 26]
6
[82, 36, 38, 55, 63, 46, 77, 59, 77, 116]
7
[57, 47, 101, 57, 101, 85, 104, 67, 179, 148]
8
[251, 86, 140, 107, 114, 134, 112, 63, 94, 44]
9
[296, 188, 532, 80, 387, 181, 378, 137, 181, 389]
3
[7, 24, 8, 11, 5, 10, 4, 7, 11, 5]
4
[17, 11, 14, 24, 16, 26, 22, 22, 31, 13]
5
[51, 13, 29, 37, 42, 51, 42, 39, 19, 20]
6
[61, 61, 71, 41, 78, 75, 52, 39, 36, 51]
7
[94, 117, 121, 190, 92, 129, 72, 79, 59, 98]
8
[214, 84, 102, 135, 95, 195, 96, 193, 134, 80]
9
[416, 181, 241, 323, 399, 140, 137, 93, 236, 146]
3
[13, 10, 18, 12, 17, 12, 11, 14, 8, 7]
4
[18, 23, 18, 13, 30, 19, 14, 11, 20, 12]
5
[27, 29, 22, 51, 26, 30, 15, 33, 83, 48]
6
[48, 62, 36, 30, 23, 115, 105, 77, 53, 62]
7
[140, 96, 72, 67, 123, 76, 40, 63, 66, 83]
8
[113, 171, 197, 47, 115, 176, 137, 82, 297, 204]
9
[567, 203, 178, 174, 229, 141, 156, 275, 136, 568]
3
[10, 15, 6, 9, 6, 12, 6, 14, 8, 6]
4
[17, 16, 34, 12, 29, 15, 26, 30, 26, 13]
5
[51, 44, 39, 38, 18, 63, 28, 50, 24, 26]
6
[153, 37, 31, 69, 63, 146, 115, 63, 41, 72]
7
[100, 65, 61, 150, 75, 69, 71, 201, 139, 90]
8
[194, 117, 120, 103, 118, 172, 156, 233, 84, 215]
9
[277, 172, 242, 156, 257, 418, 281, 183, 138, 173]
3
[15, 9, 12, 9, 13, 15, 9, 9, 9, 9]
4
[28, 16, 16, 22, 11, 27, 22, 28, 15, 22]
5
[47, 26, 21, 32, 33, 31, 31, 27, 39, 35]
6
[72, 74, 69, 64, 34, 70, 105, 52, 68, 85]
7
[64, 57, 50, 125, 155, 128, 45, 84, 74, 84]
8
[197, 115, 150, 434, 248, 128, 109, 47, 100, 70]
9
[226, 613, 195, 130, 553, 111, 134, 677, 107, 403]
3
[6, 7, 14, 11, 9, 8, 6, 6, 10, 13]
4
[21, 18, 24, 40, 12, 15, 12, 27, 18, 21]
5
[22, 52, 24, 34, 32, 29, 45, 20, 48, 42]
6
[79, 55, 47, 47, 45, 54, 51, 36, 79, 63]
7
[52, 177, 279, 73, 60, 78, 105, 76, 37, 62]
8
[209, 137, 270, 79, 195, 176, 81, 124, 112, 115]
9
[185, 92, 170, 167, 88, 119, 133, 494, 287, 299]
3
[7, 8, 11, 6, 12, 33, 12, 10, 10, 18]
4
[10, 32, 16, 26, 28, 26, 23, 33, 15, 16]
5
[15, 28, 18, 25, 35, 42, 41, 27, 31, 47]
6
[39, 61, 65, 92, 36, 84, 99, 106, 46, 68]
7
[96, 61, 125, 155, 94, 54, 44, 118, 72, 74]
8
[64, 105, 98, 123, 80, 218, 126, 145, 165, 79]
9
[95, 82, 811, 370, 313, 128, 276, 587, 212, 200]
3
[10, 12, 4, 8, 8, 7, 7, 5, 7, 4]
4
[31, 29, 29, 22, 17, 17, 11, 13, 18, 28]
5
[17, 35, 38, 51, 36, 41, 22, 32, 44, 90]
6
[43, 47, 41, 106, 34, 63, 29, 43, 33, 58]
7
[85, 71, 79, 96, 38, 67, 54, 84, 52, 126]
8
[233, 173, 86, 242, 252, 90, 140, 202, 121, 68]
9
[438, 306, 117, 107, 137, 290, 642, 380, 167, 99]
3
[6, 6, 7, 8, 5, 8, 9, 15, 10, 4]
4
[13, 11, 12, 16, 23, 22, 17, 18, 43, 31]
5
[38, 52, 37, 21, 28, 22, 36, 31, 35, 18]
6
[35, 36, 25, 67, 84, 47, 47, 49, 84, 47]
7
[84, 134, 55, 68, 53, 43, 161, 84, 109, 121]
8
[113, 254, 125, 120, 163, 119, 63, 106, 134, 60]
9
[186, 133, 110, 123, 231, 282, 279, 64, 582, 180]
3
[7, 7, 8, 9, 8, 16, 5, 7, 5, 5]
4
[22, 32, 14, 25, 20, 26, 15, 22, 11, 17]
5
[21, 13, 50, 41, 23, 24, 53, 36, 91, 20]
6
[37, 42, 40, 49, 122, 103, 62, 89, 32, 41]
7
[62, 70, 29, 111, 61, 143, 116, 115, 57, 82]
8
[115, 43, 151, 163, 271, 281, 76, 68, 123, 163]
9
[306, 68, 324, 106, 109, 381, 116, 128, 450, 443]
3
[8, 10, 11, 10, 15, 6, 9, 8, 4, 11]
4
[22, 12, 34, 42, 16, 18, 23, 10, 28, 24]
5
[40, 34, 104, 46, 35, 60, 48, 61, 53, 38]
6
[91, 62, 54, 46, 61, 44, 52, 51, 26, 84]
7
[56, 93, 89, 101, 57, 119, 72, 110, 84, 121]
8
[73, 194, 72, 69, 178, 164, 104, 98, 96, 45]
9
[245, 661, 790, 280, 240, 129, 304, 260, 528, 82]
3
[11, 25, 10, 15, 19, 8, 6, 11, 6, 10]
4
[37, 19, 15, 21, 32, 15, 16, 24, 14, 34]
5
[49, 22, 36, 33, 37, 27, 28, 45, 30, 19]
6
[57, 74, 107, 82, 85, 42, 79, 38, 62, 45]
7
[84, 142, 54, 37, 242, 88, 77, 74, 77, 56]
8
[168, 361, 99, 119, 77, 103, 91, 372, 100, 181]
9
[331, 86, 209, 113, 241, 93, 282, 79, 376, 297]
