0
[688, 789, 863, 799, 779, 777, 748, 816, 702, 688, 821, 695, 687, 873, 1103, 824, 664, 770, 708, 743, 833, 772, 800, 718, 794, 955, 978, 745, 773, 778, 699, 917, 795, 685, 719, 700, 803, 762, 928, 874, 711, 725, 782, 656, 792, 703, 827, 671, 720, 808, 736, 798, 806, 868, 757, 851, 732, 858, 844, 798, 695, 905, 793, 783, 861, 772, 786, 899, 944, 899, 704, 749, 704, 724, 838, 778, 777, 1005, 842, 777, 763, 779, 748, 822, 852, 748, 763, 779, 835, 795, 1088, 726, 913, 776, 832, 814, 751, 763, 804, 821]
100
[702, 690, 870, 768, 835, 834, 879, 745, 734, 859, 783, 749, 839, 962, 832, 825, 959, 729, 818, 832, 845, 741, 854, 803, 857, 637, 1119, 729, 795, 710, 822, 665, 870, 811, 840, 731, 923, 753, 878, 865, 778, 720, 1040, 925, 729, 871, 976, 815, 748, 734, 747, 898, 1190, 730, 828, 730, 686, 726, 686, 780, 685, 731, 760, 818, 711, 811, 744, 815, 793, 793, 829, 866, 761, 845, 853, 785, 775, 835, 774, 834, 713, 887, 746, 789, 899, 784, 827, 778, 682, 789, 756, 737, 818, 852, 967, 805, 1005, 746, 814, 682]
200
[738, 721, 782, 996, 776, 791, 914, 769, 983, 844, 974, 910, 896, 893, 976, 748, 814, 740, 795, 772, 845, 1084, 835, 979, 856, 1153, 870, 914, 881, 710, 882, 747, 890, 844, 726, 765, 967, 851, 826, 773, 922, 861, 789, 862, 839, 796, 1106, 1032, 799, 877, 788, 816, 826, 831, 783, 818, 958, 737, 905, 861, 740, 807, 775, 718, 870, 865, 797, 884, 814, 830, 732, 749, 886, 916, 890, 879, 716, 997, 847, 884, 897, 838, 784, 760, 907, 1068, 1048, 881, 942, 810, 926, 1223, 962, 803, 759, 823, 757, 825, 749, 849]
300
[873, 835, 877, 998, 908, 909, 1050, 997, 888, 1050, 821, 867, 838, 865, 872, 904, 1002, 1058, 951, 883, 1165, 908, 1044, 900, 1061, 1125, 907, 965, 975, 950, 1012, 1055, 801, 1040, 1094, 862, 875, 943, 866, 888, 957, 1007, 982, 945, 885, 926, 944, 1060, 1112, 846, 966, 1089, 1084, 867, 928, 941, 1008, 794, 926, 931, 822, 954, 849, 877, 1108, 880, 903, 910, 916, 881, 868, 938, 847, 894, 905, 862, 904, 1046, 916, 893, 906, 1043, 1054, 928, 771, 927, 931, 879, 829, 866, 836, 793, 899, 913, 813, 899, 814, 841, 957, 879]
400
[1112, 902, 1187, 1060, 1012, 1088, 1103, 952, 958, 1018, 1154, 1010, 1128, 1050, 1093, 947, 1063, 1194, 1025, 1089, 974, 922, 969, 845, 1089, 985, 1046, 1000, 1214, 950, 1170, 970, 993, 929, 1039, 1050, 1011, 1072, 988, 985, 1172, 1064, 1091, 966, 964, 899, 1226, 1095, 973, 1053, 1253, 1128, 983, 1034, 1065, 893, 1174, 933, 1044, 1058, 958, 1173, 1047, 1050, 1034, 1057, 1014, 1052, 813, 1193, 1200, 1125, 1122, 1045, 984, 1004, 1110, 1021, 993, 1151, 1057, 1079, 1019, 1043, 1003, 1019, 1062, 1220, 970, 1006, 1022, 1027, 1159, 1037, 1062, 1039, 1164, 1000, 1103, 1016]
500
[1151, 1154, 1164, 1084, 1093, 1035, 1279, 1274, 1056, 1236, 1119, 1092, 1069, 1197, 986, 1279, 1218, 1240, 1403, 1166, 1124, 1005, 1161, 1261, 1075, 1040, 1086, 1035, 1079, 1078, 1083, 1085, 1069, 1097, 1144, 1121, 1280, 1199, 1050, 1152, 1335, 1026, 1167, 1050, 1160, 1109, 984, 1184, 1280, 1049, 1017, 1248, 1027, 1142, 1065, 1170, 1139, 1167, 977, 1178, 1126, 1155, 1217, 1140, 1040, 1077, 1014, 1134, 1100, 1016, 1271, 1142, 1164, 1253, 1041, 1052, 1324, 1075, 1175, 1116, 1082, 1022, 1325, 1235, 1209, 1118, 1108, 1242, 1316, 1065, 1175, 1103, 1025, 1035, 1414, 1063, 1115, 1109, 1068, 1029]
600
[1170, 1352, 1225, 596, 1236, 1276, 1479, 1193, 1302, 1329, 1217, 1211, 1251, 1194, 1084, 1329, 1471, 1204, 1207, 1251, 1161, 1235, 1663, 1339, 1136, 1325, 1374, 1113, 1190, 1216, 1250, 1264, 1288, 1178, 1185, 1318, 1160, 1258, 1138, 591, 1237, 1162, 1172, 1284, 1138, 1268, 1190, 1181, 1322, 1287, 1087, 1298, 1107, 1195, 1158, 1234, 1121, 1226, 1199, 1298, 1558, 1271, 1225, 1239, 1277, 1378, 1373, 1106, 1145, 1276, 1297, 1268, 1274, 1396, 1310, 1311, 1235, 1173, 1243, 1155, 1205, 1227, 1247, 1237, 1261, 1283, 1176, 1184, 1184, 1186, 1199, 1275, 1138, 1105, 1387, 1308, 1244, 1251, 1252, 1199]
700
[1334, 1264, 1272, 1493, 1302, 670, 674, 696, 623, 1328, 666, 1348, 1303, 1609, 616, 1287, 1234, 1241, 688, 1283, 1307, 1272, 1306, 679, 666, 1266, 1247, 665, 1391, 692, 1295, 699, 1220, 1440, 1300, 1258, 1293, 1304, 689, 1364, 670, 595, 1191, 1343, 1368, 1340, 675, 691, 1324, 670, 1391, 640, 648, 1234, 1226, 1304, 1318, 1292, 1250, 1311, 619, 1314, 1406, 577, 644, 647, 1237, 698, 1304, 1342, 1302, 1274, 1388, 1406, 699, 1211, 1260, 1320, 1521, 1357, 1487, 1332, 1312, 1356, 1394, 661, 1378, 1271, 600, 1387, 1265, 697, 1508, 699, 1357, 1222, 1458, 1437, 1425, 1292]
