0
[686, 638, 824, 722, 799, 633, 693, 758, 631, 787, 831, 882, 776, 731, 752, 655, 746, 748, 951, 765, 844, 694, 709, 821, 678, 873, 802, 806, 608, 670, 857, 931, 763, 837, 836, 724, 842, 664, 738, 815, 699, 754, 674, 893, 715, 809, 897, 855, 788, 663, 719, 636, 887, 731, 719, 874, 745, 659, 777, 893, 698, 718, 736, 631, 740, 771, 685, 894, 623, 764, 641, 689, 718, 712, 813, 888, 760, 689, 710, 681, 782, 813, 852, 824, 704, 738, 757, 751, 1006, 725, 663, 767, 777, 820, 759, 713, 677, 667, 864, 626]
[789, 842, 740, 756, 629, 683, 692, 684, 884, 627, 887, 771, 662, 725, 852, 639, 815, 751, 768, 756, 1031, 714, 722, 718, 739, 840, 697, 775, 645, 699, 672, 665, 830, 688, 719, 751, 842, 692, 658, 722, 807, 724, 742, 752, 708, 644, 669, 719, 892, 866, 715, 697, 724, 733, 794, 790, 727, 772, 752, 727, 725, 598, 719, 773, 619, 640, 681, 716, 686, 699, 702, 831, 846, 700, 677, 796, 845, 611, 768, 891, 744, 906, 699, 641, 773, 586, 719, 803, 576, 763, 637, 827, 819, 744, 785, 622, 818, 759, 953, 819]
20
[776, 744, 756, 850, 730, 855, 923, 677, 808, 817, 749, 748, 848, 858, 1005, 810, 781, 705, 693, 838, 730, 822, 776, 791, 840, 952, 754, 682, 700, 791, 783, 1018, 652, 999, 787, 876, 886, 792, 747, 748, 810, 818, 721, 701, 844, 762, 743, 760, 729, 830, 776, 834, 630, 775, 796, 886, 796, 775, 709, 721, 970, 810, 764, 792, 810, 816, 740, 642, 726, 735, 685, 861, 809, 743, 768, 837, 806, 776, 697, 816, 812, 699, 803, 785, 764, 798, 742, 741, 878, 805, 733, 874, 941, 685, 670, 852, 672, 694, 716, 842]
[789, 762, 1108, 701, 751, 774, 859, 682, 1041, 743, 866, 835, 895, 713, 812, 698, 833, 735, 641, 846, 664, 742, 704, 833, 803, 699, 782, 733, 832, 657, 759, 840, 811, 689, 779, 765, 757, 872, 854, 718, 736, 696, 757, 799, 769, 757, 804, 759, 651, 753, 657, 647, 766, 676, 845, 768, 763, 770, 737, 673, 750, 706, 795, 706, 822, 960, 655, 758, 775, 811, 780, 720, 697, 750, 882, 799, 681, 756, 721, 803, 703, 774, 842, 666, 748, 642, 802, 819, 727, 789, 697, 649, 697, 845, 648, 805, 731, 742, 684, 818]
40
[814, 815, 702, 730, 746, 1021, 710, 861, 682, 835, 725, 735, 713, 926, 794, 818, 864, 757, 777, 692, 805, 794, 851, 752, 769, 786, 763, 920, 849, 710, 917, 842, 838, 720, 829, 717, 894, 815, 770, 859, 654, 935, 757, 778, 830, 642, 751, 906, 772, 817, 1001, 971, 787, 908, 874, 840, 813, 777, 731, 836, 863, 883, 714, 988, 859, 767, 788, 751, 792, 760, 948, 763, 767, 839, 693, 754, 841, 723, 742, 671, 845, 753, 848, 798, 874, 729, 762, 729, 894, 708, 855, 881, 810, 740, 794, 738, 709, 958, 977, 764]
[698, 965, 774, 809, 724, 731, 953, 734, 875, 741, 1054, 934, 670, 858, 790, 720, 770, 737, 771, 730, 761, 680, 736, 823, 764, 752, 820, 705, 730, 836, 789, 746, 660, 797, 849, 693, 728, 946, 851, 683, 850, 863, 801, 692, 787, 793, 740, 823, 913, 649, 677, 801, 723, 868, 725, 736, 789, 1018, 665, 724, 1072, 805, 754, 768, 876, 949, 807, 758, 880, 1022, 732, 729, 891, 659, 756, 875, 968, 704, 838, 812, 851, 812, 718, 789, 705, 872, 681, 699, 726, 679, 777, 891, 859, 863, 726, 780, 853, 729, 864, 826]
60
[757, 839, 806, 704, 736, 1000, 872, 912, 858, 997, 838, 835, 699, 643, 826, 877, 749, 755, 771, 691, 737, 804, 784, 862, 789, 963, 783, 808, 994, 787, 767, 784, 828, 1047, 895, 1120, 806, 838, 803, 754, 763, 803, 771, 743, 823, 762, 784, 706, 765, 737, 758, 852, 827, 831, 795, 771, 898, 771, 820, 804, 791, 929, 802, 860, 844, 828, 819, 813, 790, 791, 758, 762, 888, 767, 760, 835, 849, 832, 925, 807, 985, 693, 953, 925, 746, 841, 739, 720, 698, 736, 754, 955, 767, 784, 685, 724, 882, 745, 843, 924]
[742, 814, 850, 808, 937, 834, 842, 775, 863, 837, 877, 946, 877, 794, 828, 804, 948, 905, 848, 758, 740, 855, 765, 923, 698, 903, 868, 865, 825, 897, 755, 923, 878, 812, 887, 780, 946, 709, 682, 690, 723, 897, 761, 743, 835, 733, 802, 753, 825, 889, 773, 787, 799, 819, 805, 773, 794, 804, 742, 1024, 878, 706, 711, 935, 761, 797, 911, 711, 942, 859, 783, 711, 780, 742, 826, 738, 943, 1080, 795, 850, 785, 697, 851, 860, 915, 860, 903, 789, 982, 915, 788, 1030, 781, 741, 780, 882, 839, 769, 940, 993]
80
[963, 715, 850, 883, 821, 936, 939, 857, 807, 1007, 792, 997, 828, 767, 832, 947, 875, 822, 1042, 1018, 903, 1041, 896, 834, 894, 810, 881, 888, 737, 762, 720, 1028, 899, 920, 916, 845, 708, 737, 947, 712, 885, 957, 780, 1038, 926, 865, 1003, 695, 872, 892, 819, 929, 891, 975, 784, 935, 858, 837, 879, 874, 820, 722, 966, 846, 800, 933, 813, 796, 865, 881, 888, 854, 766, 683, 703, 758, 756, 901, 708, 732, 850, 899, 789, 856, 788, 772, 727, 873, 829, 923, 850, 953, 767, 927, 801, 867, 745, 823, 856, 780]
[808, 748, 808, 842, 794, 749, 836, 810, 912, 819, 820, 759, 897, 687, 1069, 772, 852, 761, 837, 820, 877, 903, 863, 861, 895, 808, 895, 849, 795, 846, 922, 827, 834, 768, 715, 830, 791, 802, 813, 1081, 877, 768, 706, 764, 924, 779, 657, 894, 847, 986, 748, 972, 819, 831, 808, 795, 836, 875, 703, 935, 950, 868, 866, 863, 1021, 734, 871, 960, 789, 777, 1026, 813, 863, 819, 826, 782, 773, 770, 820, 913, 788, 900, 910, 1020, 827, 925, 889, 891, 785, 917, 774, 779, 729, 777, 854, 688, 899, 717, 859, 881]
