0
[775, 809, 659, 905, 844, 832, 864, 761, 755, 738, 734, 780, 826, 680, 648, 759, 664, 751, 725, 857, 646, 816, 783, 782, 733, 764, 737, 826, 782, 784, 736, 767, 725, 656, 838, 636, 846, 754, 797, 717, 730, 669, 800, 691, 963, 708, 686, 930, 723, 802, 883, 776, 758, 698, 717, 850, 947, 690, 737, 750, 634, 734, 806, 704, 750, 776, 820, 731, 669, 739, 777, 664, 751, 656, 725, 902, 844, 693, 777, 631, 687, 835, 788, 656, 826, 751, 755, 664, 750, 757, 895, 876, 686, 1019, 715, 795, 777, 738, 739, 692]
[576, 726, 708, 911, 639, 766, 611, 704, 670, 846, 757, 742, 701, 750, 705, 846, 663, 796, 796, 661, 685, 726, 730, 964, 882, 699, 677, 692, 821, 684, 859, 754, 769, 867, 758, 739, 630, 917, 727, 765, 740, 750, 732, 651, 822, 673, 836, 846, 793, 648, 789, 685, 640, 809, 742, 659, 802, 717, 680, 777, 893, 743, 770, 792, 694, 764, 881, 692, 668, 665, 736, 668, 883, 697, 766, 645, 843, 752, 703, 747, 712, 698, 811, 782, 753, 708, 750, 672, 758, 709, 721, 720, 666, 879, 704, 908, 896, 719, 738, 703]
10
[817, 971, 740, 697, 757, 894, 692, 801, 705, 772, 657, 729, 843, 690, 699, 683, 695, 872, 726, 678, 665, 685, 733, 783, 762, 689, 679, 777, 736, 654, 709, 726, 737, 679, 689, 697, 713, 795, 729, 677, 727, 729, 744, 741, 790, 863, 716, 824, 923, 803, 690, 948, 762, 786, 640, 722, 697, 774, 760, 712, 661, 651, 912, 889, 748, 993, 856, 738, 929, 664, 761, 812, 639, 863, 764, 623, 681, 824, 690, 873, 744, 781, 682, 885, 832, 819, 774, 783, 888, 744, 737, 849, 714, 732, 762, 730, 770, 708, 1060, 722]
[771, 678, 754, 836, 803, 734, 701, 716, 968, 726, 825, 940, 645, 741, 666, 792, 749, 889, 666, 851, 781, 653, 844, 705, 642, 684, 777, 696, 844, 723, 749, 786, 698, 717, 835, 804, 659, 961, 697, 705, 672, 647, 729, 663, 660, 836, 639, 641, 799, 816, 792, 672, 797, 693, 676, 653, 753, 652, 706, 840, 760, 719, 752, 879, 695, 728, 641, 791, 760, 640, 772, 690, 847, 569, 787, 689, 622, 787, 811, 601, 653, 723, 792, 679, 848, 753, 730, 717, 843, 732, 683, 714, 819, 717, 723, 981, 652, 788, 679, 572]
20
[705, 720, 839, 788, 677, 956, 655, 632, 727, 780, 711, 718, 742, 896, 727, 650, 643, 766, 941, 834, 683, 764, 741, 783, 742, 754, 659, 663, 704, 869, 693, 757, 982, 795, 696, 753, 740, 815, 678, 808, 907, 731, 684, 662, 749, 599, 720, 600, 759, 668, 694, 706, 906, 788, 677, 726, 746, 598, 809, 758, 658, 663, 754, 651, 756, 783, 699, 693, 889, 708, 765, 726, 615, 649, 678, 751, 883, 763, 662, 663, 902, 661, 891, 770, 746, 676, 679, 749, 600, 933, 675, 872, 809, 613, 747, 617, 608, 602, 694, 716]
[685, 591, 711, 651, 857, 625, 703, 858, 727, 629, 800, 739, 801, 706, 934, 615, 779, 879, 663, 884, 817, 798, 836, 1009, 744, 871, 914, 638, 742, 1073, 710, 761, 695, 985, 725, 816, 668, 829, 714, 662, 759, 841, 671, 768, 732, 705, 670, 772, 660, 700, 778, 655, 645, 741, 850, 991, 767, 605, 754, 692, 786, 774, 670, 858, 823, 787, 660, 956, 730, 689, 708, 896, 712, 642, 942, 752, 709, 714, 828, 831, 809, 785, 646, 750, 731, 896, 752, 700, 794, 549, 657, 955, 733, 694, 753, 625, 808, 705, 628, 689]
30
[615, 731, 631, 736, 778, 620, 770, 785, 619, 646, 617, 825, 887, 635, 756, 624, 755, 779, 627, 924, 716, 655, 738, 700, 698, 708, 783, 999, 934, 703, 737, 714, 781, 836, 698, 908, 857, 903, 684, 755, 722, 699, 816, 660, 647, 839, 773, 627, 739, 865, 841, 673, 754, 657, 837, 867, 668, 669, 708, 682, 703, 685, 736, 784, 628, 643, 790, 740, 970, 945, 665, 769, 723, 656, 838, 801, 766, 725, 708, 664, 693, 740, 764, 928, 648, 719, 740, 704, 1031, 711, 815, 780, 642, 618, 1062, 735, 630, 798, 779, 803]
[738, 798, 877, 1134, 803, 907, 778, 726, 760, 775, 813, 900, 713, 663, 898, 780, 740, 963, 725, 744, 853, 714, 708, 771, 707, 798, 1013, 658, 598, 957, 844, 595, 866, 877, 610, 787, 741, 847, 791, 880, 774, 645, 645, 733, 667, 685, 861, 613, 809, 795, 863, 629, 687, 731, 615, 776, 724, 784, 722, 687, 646, 656, 673, 925, 760, 870, 853, 884, 662, 932, 972, 672, 833, 820, 977, 606, 861, 784, 754, 799, 743, 658, 607, 764, 844, 649, 970, 642, 798, 670, 821, 798, 702, 640, 721, 654, 672, 904, 813, 604]
40
[784, 741, 679, 801, 650, 804, 679, 676, 835, 801, 626, 636, 869, 724, 756, 785, 942, 871, 716, 713, 784, 630, 880, 788, 747, 794, 783, 842, 950, 1013, 818, 790, 813, 644, 907, 665, 889, 899, 841, 787, 661, 635, 906, 713, 822, 794, 866, 782, 692, 682, 871, 700, 643, 573, 732, 695, 805, 683, 925, 800, 719, 793, 653, 593, 842, 779, 552, 987, 576, 908, 755, 903, 683, 980, 779, 805, 713, 630, 648, 726, 882, 851, 871, 719, 785, 791, 733, 785, 660, 834, 593, 764, 681, 850, 703, 706, 670, 669, 736, 663]
[658, 932, 708, 745, 843, 682, 686, 918, 637, 773, 765, 867, 853, 987, 710, 652, 731, 807, 650, 564, 672, 637, 716, 666, 622, 812, 827, 666, 734, 759, 1030, 720, 718, 760, 828, 693, 868, 739, 648, 1032, 738, 716, 775, 590, 822, 841, 668, 922, 873, 881, 864, 635, 691, 843, 831, 705, 723, 727, 753, 622, 797, 868, 729, 766, 706, 713, 612, 690, 973, 612, 639, 766, 670, 639, 838, 823, 821, 831, 806, 984, 673, 896, 848, 605, 770, 647, 854, 785, 712, 742, 839, 678, 651, 685, 860, 904, 949, 685, 672, 735]
50
[589, 742, 696, 804, 585, 665, 730, 878, 560, 867, 938, 663, 952, 920, 794, 578, 868, 610, 578, 806, 1029, 751, 626, 790, 1059, 739, 669, 657, 761, 984, 780, 782, 863, 655, 667, 798, 662, 699, 618, 896, 660, 1002, 736, 758, 781, 885, 770, 617, 831, 789, 969, 984, 662, 651, 733, 877, 604, 757, 866, 782, 749, 670, 653, 1233, 736, 838, 814, 761, 989, 753, 911, 610, 686, 675, 945, 766, 775, 662, 626, 639, 871, 674, 648, 714, 717, 866, 597, 903, 723, 717, 717, 883, 685, 742, 802, 683, 755, 697, 637, 593]
[754, 771, 695, 676, 655, 781, 577, 1015, 855, 730, 748, 753, 879, 742, 694, 856, 859, 700, 897, 836, 760, 838, 696, 680, 922, 917, 738, 799, 644, 879, 799, 598, 653, 622, 804, 1008, 999, 734, 682, 585, 741, 918, 730, 769, 663, 920, 659, 589, 721, 882, 749, 1016, 1106, 595, 965, 753, 954, 736, 651, 745, 844, 832, 801, 803, 795, 939, 932, 738, 851, 1014, 875, 760, 681, 717, 846, 867, 782, 760, 897, 781, 776, 733, 856, 779, 707, 666, 956, 784, 688, 824, 730, 730, 785, 786, 778, 652, 713, 614, 692, 798]
60
[886, 839, 651, 615, 655, 882, 926, 1021, 676, 965, 761, 654, 634, 820, 884, 729, 825, 612, 909, 734, 690, 826, 694, 605, 935, 700, 751, 719, 735, 765, 691, 659, 697, 656, 655, 818, 708, 679, 670, 651, 657, 734, 871, 1115, 750, 865, 938, 876, 716, 580, 885, 701, 720, 617, 912, 638, 705, 812, 595, 831, 784, 692, 897, 598, 1025, 782, 798, 932, 969, 915, 647, 727, 741, 802, 727, 806, 837, 651, 694, 654, 749, 929, 766, 726, 879, 819, 651, 897, 673, 660, 675, 816, 1057, 821, 892, 918, 802, 878, 798, 833]
[744, 774, 803, 756, 984, 928, 623, 668, 600, 801, 598, 647, 758, 883, 590, 797, 781, 600, 576, 880, 761, 584, 837, 618, 830, 631, 771, 798, 871, 728, 783, 734, 747, 697, 1018, 606, 679, 811, 626, 594, 695, 615, 777, 1017, 617, 848, 770, 711, 957, 870, 812, 713, 678, 897, 594, 798, 772, 767, 704, 633, 712, 688, 921, 684, 749, 659, 818, 772, 773, 772, 777, 724, 655, 790, 812, 773, 857, 745, 632, 733, 617, 959, 760, 789, 868, 795, 663, 671, 553, 785, 642, 859, 745, 751, 792, 744, 615, 903, 687, 744]
70
[815, 817, 737, 748, 785, 602, 732, 669, 840, 775, 747, 899, 639, 825, 748, 777, 799, 592, 864, 842, 812, 958, 903, 957, 697, 590, 932, 996, 878, 891, 861, 685, 632, 748, 701, 743, 921, 845, 777, 791, 745, 752, 829, 726, 620, 842, 886, 874, 800, 665, 886, 778, 867, 673, 810, 784, 833, 982, 675, 676, 694, 750, 929, 845, 718, 577, 760, 1056, 707, 726, 700, 585, 747, 647, 786, 600, 874, 760, 900, 835, 879, 881, 904, 656, 697, 617, 691, 648, 753, 1203, 776, 882, 736, 870, 1040, 558, 800, 818, 755, 687]
[829, 729, 714, 873, 803, 752, 818, 916, 853, 558, 716, 739, 728, 821, 794, 820, 739, 746, 984, 895, 789, 908, 985, 761, 636, 778, 834, 907, 766, 812, 786, 759, 736, 924, 782, 771, 574, 742, 905, 788, 663, 676, 818, 601, 1099, 956, 869, 799, 559, 880, 701, 883, 741, 801, 830, 691, 761, 650, 626, 764, 851, 816, 752, 648, 760, 1123, 866, 752, 752, 834, 653, 618, 923, 669, 872, 854, 841, 615, 1290, 805, 699, 759, 787, 698, 760, 671, 749, 894, 743, 837, 990, 777, 826, 836, 825, 774, 791, 693, 785, 879]
80
[759, 778, 866, 727, 725, 837, 948, 933, 771, 861, 954, 806, 678, 772, 871, 747, 595, 785, 754, 875, 849, 753, 819, 726, 707, 777, 740, 858, 796, 812, 790, 861, 878, 848, 729, 863, 668, 797, 926, 937, 716, 798, 856, 922, 742, 949, 856, 816, 787, 749, 858, 934, 771, 1142, 841, 843, 862, 834, 781, 977, 944, 778, 595, 754, 887, 1038, 914, 885, 827, 878, 801, 858, 855, 762, 713, 873, 859, 611, 843, 650, 820, 891, 744, 841, 762, 938, 818, 554, 749, 733, 906, 1033, 790, 958, 773, 797, 918, 819, 722, 755]
[785, 961, 716, 926, 779, 771, 700, 840, 921, 672, 833, 840, 1010, 834, 942, 747, 819, 863, 833, 801, 747, 864, 928, 738, 977, 770, 993, 739, 807, 752, 695, 696, 865, 759, 666, 728, 671, 749, 799, 783, 794, 840, 857, 907, 938, 667, 755, 859, 932, 871, 779, 762, 905, 827, 918, 681, 614, 765, 896, 706, 865, 940, 638, 941, 922, 912, 825, 627, 861, 865, 633, 724, 887, 797, 701, 1083, 895, 803, 746, 782, 739, 773, 882, 734, 769, 860, 737, 756, 757, 666, 865, 773, 653, 769, 763, 889, 824, 793, 720, 878]
90
[963, 867, 751, 834, 801, 817, 743, 968, 789, 768, 775, 1048, 785, 722, 861, 903, 895, 707, 725, 969, 746, 735, 946, 889, 1018, 930, 843, 850, 828, 960, 899, 788, 845, 817, 866, 722, 911, 1061, 895, 808, 827, 832, 725, 809, 754, 835, 909, 801, 773, 876, 867, 1142, 848, 881, 823, 745, 792, 955, 922, 843, 786, 820, 1005, 719, 932, 880, 825, 782, 997, 771, 698, 736, 786, 807, 991, 745, 762, 790, 820, 1008, 720, 881, 764, 795, 768, 828, 819, 969, 853, 963, 750, 803, 898, 830, 898, 868, 680, 681, 915, 927]
[877, 1037, 792, 916, 718, 811, 728, 798, 742, 913, 816, 799, 1109, 840, 913, 736, 1009, 768, 942, 836, 858, 745, 820, 898, 905, 985, 843, 675, 727, 714, 911, 709, 816, 898, 833, 812, 944, 799, 668, 850, 699, 771, 675, 681, 763, 809, 921, 774, 1020, 917, 826, 1204, 912, 830, 784, 771, 856, 956, 788, 805, 839, 907, 937, 892, 714, 797, 900, 875, 802, 720, 893, 812, 783, 931, 829, 803, 935, 915, 824, 789, 873, 793, 936, 879, 764, 728, 778, 791, 769, 853, 932, 782, 811, 718, 892, 775, 925, 796, 847, 741]
