0
[684, 741, 768, 848, 667, 704, 703, 681, 790, 772, 811, 689, 828, 800, 805, 682, 705, 676, 763, 645, 715, 726, 695, 731, 804, 929, 661, 642, 731, 727, 844, 693, 648, 716, 691, 709, 673, 759, 750, 642, 814, 793, 837, 955, 803, 767, 690, 750, 828, 909, 710, 721, 788, 621, 830, 828, 686, 835, 658, 686, 877, 734, 663, 801, 734, 817, 794, 733, 743, 597, 740, 688, 713, 813, 748, 758, 847, 645, 609, 942, 739, 742, 705, 758, 770, 906, 623, 858, 772, 666, 679, 619, 765, 704, 842, 936, 847, 719, 718, 792]
5
[771, 736, 705, 689, 836, 648, 721, 836, 786, 757, 757, 670, 737, 750, 680, 632, 747, 723, 828, 661, 826, 791, 874, 870, 861, 678, 728, 689, 825, 643, 702, 800, 697, 630, 659, 819, 733, 697, 801, 818, 662, 665, 735, 716, 886, 912, 628, 682, 710, 619, 688, 701, 718, 772, 885, 699, 947, 664, 722, 649, 816, 789, 783, 802, 719, 746, 767, 677, 666, 865, 747, 778, 671, 720, 778, 710, 688, 972, 763, 877, 825, 786, 699, 706, 792, 786, 767, 821, 729, 730, 652, 736, 746, 721, 724, 715, 683, 741, 747, 702]
10
[760, 765, 778, 637, 734, 640, 792, 764, 722, 610, 835, 747, 681, 700, 715, 717, 756, 866, 983, 749, 858, 750, 710, 743, 782, 659, 761, 694, 855, 663, 663, 711, 825, 816, 680, 634, 777, 708, 707, 755, 745, 713, 961, 702, 736, 688, 891, 735, 790, 860, 786, 917, 659, 784, 771, 742, 652, 863, 814, 909, 646, 737, 618, 627, 814, 798, 735, 956, 739, 727, 699, 684, 592, 617, 799, 730, 702, 737, 667, 939, 891, 804, 810, 813, 699, 674, 820, 743, 846, 925, 815, 751, 685, 732, 831, 765, 712, 767, 861, 775]
15
[681, 779, 666, 847, 808, 655, 661, 880, 731, 776, 876, 770, 718, 749, 774, 637, 754, 780, 712, 732, 683, 766, 759, 781, 764, 667, 877, 677, 588, 870, 815, 717, 771, 802, 1003, 708, 723, 860, 756, 668, 802, 677, 784, 666, 681, 754, 598, 755, 742, 715, 847, 840, 727, 878, 695, 685, 846, 682, 787, 790, 667, 1035, 645, 704, 710, 826, 688, 747, 938, 845, 726, 668, 810, 639, 809, 784, 711, 740, 697, 841, 766, 757, 641, 620, 642, 689, 724, 654, 678, 762, 718, 667, 688, 862, 734, 634, 667, 722, 694, 708]
20
[827, 693, 639, 776, 746, 724, 676, 797, 672, 639, 746, 747, 647, 805, 682, 676, 716, 771, 756, 739, 785, 836, 746, 812, 770, 728, 741, 674, 881, 829, 720, 692, 856, 797, 773, 867, 831, 797, 637, 670, 851, 913, 972, 690, 838, 715, 832, 765, 962, 667, 770, 676, 783, 941, 745, 855, 739, 653, 800, 752, 815, 721, 768, 707, 804, 764, 713, 737, 660, 773, 702, 883, 647, 653, 788, 756, 816, 820, 954, 752, 815, 902, 670, 882, 661, 957, 750, 680, 748, 751, 730, 862, 757, 705, 730, 855, 789, 694, 665, 670]
25
[652, 724, 674, 651, 773, 951, 809, 691, 873, 814, 841, 688, 797, 690, 699, 902, 732, 588, 838, 817, 710, 686, 761, 710, 746, 656, 774, 793, 718, 904, 797, 729, 592, 678, 657, 745, 758, 792, 780, 763, 804, 723, 675, 683, 847, 637, 622, 793, 727, 678, 870, 710, 694, 717, 728, 701, 645, 772, 873, 716, 663, 778, 815, 768, 775, 728, 712, 724, 640, 729, 719, 847, 747, 685, 688, 797, 695, 820, 706, 799, 737, 729, 799, 825, 838, 801, 791, 745, 749, 639, 1124, 638, 736, 866, 735, 844, 847, 793, 693, 714]
30
[806, 929, 841, 698, 960, 873, 1088, 680, 720, 869, 754, 727, 702, 625, 794, 728, 933, 797, 727, 730, 859, 795, 726, 798, 741, 757, 693, 755, 655, 854, 707, 703, 757, 1084, 748, 906, 725, 673, 583, 704, 770, 701, 742, 843, 651, 697, 707, 772, 657, 833, 773, 719, 730, 721, 706, 871, 626, 692, 746, 856, 798, 705, 697, 868, 637, 682, 644, 730, 700, 714, 704, 704, 742, 834, 705, 724, 884, 890, 779, 759, 648, 745, 684, 773, 711, 723, 825, 745, 719, 841, 727, 774, 712, 851, 681, 740, 922, 762, 744, 784]
35
[853, 776, 694, 689, 684, 811, 681, 626, 806, 756, 743, 854, 734, 805, 825, 721, 673, 720, 633, 769, 675, 736, 692, 690, 793, 667, 741, 920, 799, 789, 795, 831, 802, 879, 763, 763, 712, 663, 771, 748, 811, 653, 856, 807, 828, 637, 731, 711, 794, 772, 663, 735, 713, 761, 797, 894, 619, 685, 911, 656, 608, 722, 974, 944, 821, 786, 689, 687, 764, 745, 1036, 769, 732, 621, 681, 703, 711, 824, 696, 1190, 678, 642, 674, 799, 780, 898, 787, 795, 812, 759, 683, 752, 676, 724, 709, 736, 826, 709, 822, 710]
40
[781, 738, 698, 736, 750, 805, 640, 675, 685, 567, 718, 661, 876, 723, 840, 713, 809, 861, 740, 610, 749, 843, 846, 733, 961, 762, 912, 753, 783, 918, 720, 808, 775, 694, 707, 712, 696, 768, 717, 795, 703, 664, 817, 816, 663, 784, 773, 696, 697, 674, 728, 828, 773, 739, 733, 833, 773, 778, 730, 825, 789, 796, 655, 653, 714, 727, 825, 774, 739, 829, 704, 778, 1003, 848, 667, 756, 694, 702, 965, 724, 661, 744, 729, 714, 690, 927, 715, 734, 800, 833, 808, 679, 631, 761, 845, 808, 688, 927, 641, 692]
45
[843, 690, 801, 932, 794, 763, 894, 775, 730, 781, 782, 736, 763, 619, 714, 688, 856, 689, 646, 651, 806, 677, 755, 754, 746, 795, 721, 864, 641, 852, 792, 871, 677, 749, 644, 655, 831, 729, 677, 832, 949, 858, 858, 950, 780, 662, 695, 740, 645, 736, 733, 630, 673, 1005, 949, 890, 697, 668, 761, 767, 664, 725, 841, 680, 723, 837, 742, 682, 820, 805, 832, 849, 674, 711, 626, 691, 755, 975, 715, 683, 708, 938, 802, 808, 720, 712, 896, 699, 668, 714, 684, 801, 851, 756, 856, 783, 613, 638, 712, 654]
50
[855, 767, 840, 952, 689, 797, 795, 752, 969, 709, 795, 684, 678, 808, 1025, 692, 847, 758, 785, 864, 779, 613, 599, 863, 668, 666, 905, 839, 721, 732, 618, 787, 708, 722, 718, 689, 717, 812, 796, 630, 661, 675, 775, 659, 798, 807, 730, 630, 679, 730, 846, 771, 649, 750, 731, 817, 809, 769, 780, 668, 696, 833, 801, 732, 745, 812, 912, 649, 766, 669, 769, 879, 675, 719, 685, 1020, 742, 950, 834, 822, 609, 626, 794, 848, 710, 718, 819, 719, 737, 659, 851, 928, 811, 680, 720, 636, 1012, 846, 726, 830]
55
[672, 1174, 839, 838, 815, 809, 681, 704, 703, 646, 680, 705, 712, 889, 948, 777, 597, 900, 729, 622, 742, 903, 824, 874, 849, 854, 760, 716, 830, 768, 732, 778, 818, 749, 840, 804, 713, 767, 955, 710, 816, 745, 706, 715, 718, 662, 699, 653, 685, 771, 788, 726, 672, 685, 910, 691, 830, 837, 815, 717, 721, 641, 742, 835, 720, 703, 786, 921, 835, 819, 732, 698, 699, 775, 650, 683, 773, 644, 797, 814, 721, 724, 849, 760, 730, 844, 806, 714, 652, 768, 735, 769, 843, 719, 679, 805, 834, 986, 823, 778]
60
[760, 860, 669, 842, 746, 767, 766, 713, 882, 980, 766, 880, 784, 1003, 655, 810, 860, 634, 804, 808, 805, 730, 640, 843, 868, 791, 711, 636, 825, 742, 750, 744, 782, 754, 735, 678, 794, 661, 718, 948, 811, 784, 856, 670, 720, 707, 635, 771, 867, 771, 657, 941, 752, 751, 814, 798, 948, 1053, 750, 740, 735, 701, 788, 647, 809, 875, 832, 787, 850, 898, 812, 676, 882, 697, 858, 698, 760, 693, 861, 685, 689, 680, 789, 611, 581, 803, 624, 693, 653, 908, 718, 807, 721, 765, 764, 754, 719, 824, 815, 659]
65
[671, 695, 746, 788, 729, 704, 792, 894, 715, 795, 649, 748, 707, 708, 680, 785, 847, 805, 645, 675, 881, 852, 705, 836, 731, 809, 965, 774, 881, 708, 796, 794, 678, 812, 1000, 804, 882, 674, 735, 950, 733, 601, 869, 834, 765, 875, 646, 962, 939, 820, 688, 810, 703, 810, 685, 648, 851, 643, 762, 784, 740, 731, 749, 688, 925, 856, 651, 691, 758, 764, 899, 708, 745, 704, 668, 707, 688, 656, 738, 777, 1013, 809, 893, 678, 664, 757, 715, 871, 733, 714, 962, 754, 849, 810, 738, 807, 963, 781, 925, 736]
70
[789, 891, 967, 660, 714, 807, 801, 765, 798, 676, 695, 843, 682, 872, 763, 774, 835, 1186, 750, 657, 832, 862, 936, 728, 738, 798, 787, 848, 895, 667, 683, 875, 794, 702, 783, 723, 718, 723, 767, 779, 689, 953, 795, 804, 780, 839, 651, 778, 851, 690, 772, 700, 771, 906, 674, 752, 780, 684, 790, 707, 880, 732, 763, 839, 916, 909, 718, 725, 727, 861, 636, 868, 867, 1015, 702, 696, 668, 677, 711, 705, 806, 807, 727, 1027, 741, 760, 797, 657, 777, 773, 712, 664, 881, 667, 719, 802, 710, 812, 664, 819]
