0
[361, 297, 345, 316, 370, 309, 297, 311, 282, 348, 375, 381, 298, 319, 273, 286, 252, 321, 340, 315, 295, 302, 284, 265, 331, 343, 348, 378, 313, 284, 367, 292, 276, 274, 357, 344, 382, 375, 422, 303, 312, 321, 349, 294, 309, 258, 295, 266, 341, 300, 279, 307, 334, 453, 359, 318, 364, 356, 334, 385, 434, 264, 334, 333, 374, 282, 343, 334, 293, 292, 283, 283, 352, 319, 279, 282, 401, 331, 325, 335, 303, 281, 303, 332, 297, 295, 327, 300, 328, 330, 437, 323, 263, 310, 407, 333, 287, 250, 312, 456]
1
[316, 355, 320, 316, 369, 263, 360, 246, 282, 312, 336, 332, 307, 428, 364, 320, 339, 302, 291, 339, 360, 316, 349, 309, 340, 305, 424, 317, 360, 300, 340, 307, 274, 297, 308, 303, 396, 269, 315, 291, 276, 352, 320, 290, 373, 303, 320, 332, 278, 340, 284, 353, 390, 321, 303, 304, 320, 351, 351, 377, 312, 281, 273, 327, 334, 300, 297, 349, 280, 305, 262, 314, 246, 435, 347, 347, 290, 400, 258, 331, 327, 318, 324, 309, 288, 356, 405, 343, 361, 322, 316, 310, 372, 393, 279, 352, 341, 283, 281, 361]
2
[376, 308, 368, 351, 370, 296, 280, 427, 298, 294, 308, 335, 325, 358, 304, 296, 337, 372, 367, 385, 286, 307, 285, 297, 352, 289, 398, 284, 433, 299, 323, 283, 314, 310, 408, 312, 326, 267, 383, 339, 282, 337, 312, 330, 322, 380, 339, 359, 375, 260, 337, 301, 346, 275, 401, 297, 297, 415, 271, 320, 319, 291, 335, 279, 424, 304, 302, 356, 327, 312, 392, 285, 385, 304, 318, 349, 298, 348, 330, 297, 313, 269, 352, 318, 292, 385, 263, 301, 270, 351, 300, 358, 255, 290, 347, 318, 352, 340, 305, 346]
3
[402, 295, 369, 336, 374, 324, 375, 315, 379, 365, 309, 249, 327, 248, 372, 313, 366, 305, 371, 298, 350, 285, 272, 327, 347, 348, 325, 373, 378, 304, 309, 339, 396, 442, 362, 577, 399, 284, 292, 290, 310, 350, 329, 331, 379, 313, 309, 329, 296, 284, 380, 323, 292, 364, 339, 371, 289, 359, 422, 295, 337, 327, 300, 320, 343, 299, 254, 312, 348, 346, 392, 331, 405, 403, 301, 284, 340, 355, 363, 309, 289, 273, 346, 330, 295, 333, 276, 289, 330, 321, 338, 403, 342, 381, 298, 308, 290, 264, 291, 331]
4
[340, 302, 281, 298, 356, 319, 261, 279, 349, 330, 261, 296, 345, 348, 271, 298, 384, 335, 366, 362, 411, 319, 394, 320, 272, 344, 356, 338, 334, 338, 300, 311, 300, 261, 278, 391, 320, 310, 291, 362, 274, 341, 325, 352, 338, 297, 310, 332, 305, 302, 326, 341, 320, 322, 311, 317, 343, 316, 316, 315, 413, 327, 383, 485, 389, 402, 397, 320, 357, 467, 310, 384, 393, 350, 302, 306, 344, 327, 321, 313, 306, 323, 382, 312, 392, 322, 388, 317, 374, 329, 276, 340, 358, 264, 330, 271, 371, 348, 310, 409]
5
[335, 426, 348, 344, 337, 377, 448, 402, 350, 299, 310, 422, 311, 310, 308, 313, 325, 336, 339, 353, 319, 402, 291, 346, 311, 316, 377, 342, 357, 375, 334, 375, 317, 503, 374, 287, 317, 320, 315, 320, 305, 369, 312, 264, 322, 327, 300, 356, 349, 402, 355, 268, 374, 431, 277, 358, 371, 490, 356, 376, 384, 346, 346, 337, 294, 353, 330, 338, 359, 382, 374, 439, 341, 298, 359, 329, 303, 355, 310, 305, 371, 339, 372, 363, 430, 328, 339, 333, 351, 284, 385, 301, 298, 337, 326, 360, 378, 353, 370, 361]
6
[307, 346, 419, 341, 285, 377, 283, 326, 383, 279, 331, 279, 366, 348, 331, 317, 331, 359, 315, 397, 296, 280, 375, 351, 355, 302, 344, 307, 295, 306, 330, 299, 331, 360, 366, 321, 427, 389, 439, 276, 339, 391, 380, 348, 417, 328, 331, 420, 313, 346, 309, 269, 350, 343, 358, 377, 350, 305, 337, 371, 317, 339, 353, 339, 366, 382, 333, 335, 286, 409, 272, 384, 282, 340, 461, 395, 305, 420, 367, 309, 341, 337, 401, 299, 326, 452, 348, 347, 331, 321, 371, 395, 318, 319, 301, 370, 445, 303, 310, 303]
7
[346, 306, 342, 326, 287, 303, 374, 361, 368, 323, 320, 298, 382, 363, 445, 309, 308, 300, 316, 361, 398, 317, 305, 364, 351, 351, 357, 379, 327, 320, 362, 364, 419, 442, 316, 300, 437, 343, 436, 354, 411, 426, 366, 350, 292, 329, 289, 287, 391, 325, 407, 333, 354, 381, 307, 313, 328, 374, 294, 348, 436, 310, 361, 314, 411, 392, 313, 344, 373, 338, 407, 298, 360, 325, 426, 258, 390, 381, 345, 447, 451, 346, 343, 415, 321, 388, 338, 333, 360, 307, 312, 356, 415, 355, 325, 366, 380, 315, 329, 319]
8
[295, 292, 409, 321, 311, 329, 347, 322, 346, 295, 314, 324, 320, 364, 384, 366, 304, 319, 337, 390, 335, 261, 340, 351, 341, 369, 264, 377, 310, 361, 407, 297, 347, 325, 369, 359, 352, 324, 386, 380, 385, 356, 337, 370, 317, 328, 383, 291, 389, 376, 384, 355, 383, 353, 328, 338, 313, 418, 329, 334, 323, 387, 325, 343, 348, 315, 269, 384, 389, 364, 305, 305, 403, 424, 308, 352, 400, 359, 346, 321, 382, 332, 364, 306, 448, 406, 348, 392, 540, 452, 287, 346, 416, 402, 352, 365, 296, 318, 355, 326]
9
[340, 366, 373, 305, 327, 328, 317, 376, 305, 322, 373, 461, 315, 359, 362, 333, 380, 390, 399, 359, 385, 313, 363, 323, 339, 362, 348, 365, 351, 324, 317, 302, 381, 346, 344, 335, 371, 393, 318, 351, 403, 379, 335, 385, 330, 316, 324, 428, 289, 304, 352, 322, 312, 368, 361, 343, 348, 415, 301, 364, 321, 358, 321, 332, 367, 388, 316, 403, 330, 297, 293, 383, 407, 353, 434, 414, 342, 347, 412, 307, 326, 337, 294, 295, 305, 293, 288, 316, 460, 331, 374, 293, 331, 343, 309, 438, 328, 293, 386, 386]
