0
[306, 331, 341, 298, 367, 305, 299, 322, 327, 278, 288, 369, 347, 317, 289, 326, 310, 318, 313, 308, 297, 324, 299, 285, 285, 296, 352, 391, 353, 336, 368, 385, 312, 315, 306, 398, 277, 317, 310, 294, 273, 365, 304, 335, 364, 279, 354, 294, 265, 257, 266, 364, 297, 388, 255, 282, 308, 341, 253, 310, 282, 309, 289, 319, 303, 328, 301, 282, 285, 269, 322, 317, 357, 286, 384, 387, 337, 272, 296, 388, 324, 277, 401, 295, 302, 330, 309, 316, 281, 351, 266, 297, 322, 306, 288, 331, 266, 329, 368, 334]
10
[293, 294, 292, 358, 325, 272, 381, 282, 276, 337, 368, 287, 299, 315, 288, 282, 362, 342, 332, 325, 291, 325, 273, 315, 368, 369, 259, 311, 318, 253, 297, 324, 317, 385, 279, 357, 352, 420, 358, 320, 309, 339, 456, 313, 268, 255, 340, 269, 321, 340, 353, 369, 370, 308, 351, 388, 291, 473, 369, 310, 393, 392, 379, 376, 294, 289, 365, 382, 241, 312, 301, 315, 319, 354, 286, 291, 299, 333, 293, 396, 305, 315, 330, 289, 340, 339, 319, 303, 311, 318, 347, 300, 284, 389, 259, 289, 362, 343, 241, 273]
20
[297, 328, 352, 403, 283, 286, 297, 324, 304, 304, 275, 341, 342, 280, 348, 297, 301, 308, 392, 299, 326, 299, 295, 244, 303, 277, 342, 279, 382, 306, 340, 294, 352, 305, 283, 375, 322, 310, 306, 299, 282, 345, 340, 336, 312, 330, 269, 325, 280, 307, 357, 338, 297, 319, 375, 390, 310, 332, 357, 267, 341, 385, 278, 367, 296, 371, 305, 310, 278, 260, 309, 332, 269, 301, 313, 258, 311, 424, 260, 300, 366, 349, 386, 295, 419, 311, 326, 352, 334, 257, 370, 406, 283, 377, 323, 318, 405, 271, 396, 322]
30
[272, 356, 332, 302, 347, 359, 296, 272, 348, 337, 306, 294, 252, 312, 360, 366, 264, 395, 293, 300, 329, 307, 264, 300, 363, 319, 374, 301, 340, 311, 308, 454, 378, 372, 320, 269, 334, 319, 342, 402, 357, 311, 317, 412, 325, 290, 270, 359, 280, 322, 335, 300, 405, 424, 323, 288, 274, 410, 289, 282, 272, 365, 265, 325, 294, 284, 350, 310, 379, 287, 326, 344, 339, 298, 292, 283, 327, 294, 268, 270, 298, 298, 281, 343, 251, 299, 316, 305, 309, 311, 377, 342, 262, 298, 297, 343, 335, 339, 310, 284]
40
[362, 303, 298, 364, 289, 278, 341, 266, 294, 323, 292, 340, 313, 284, 326, 310, 309, 264, 324, 367, 276, 392, 313, 310, 275, 260, 350, 296, 319, 330, 336, 310, 330, 448, 302, 311, 310, 325, 323, 289, 260, 293, 334, 286, 285, 282, 304, 305, 340, 333, 305, 323, 337, 316, 322, 388, 259, 287, 368, 332, 317, 433, 319, 430, 309, 303, 322, 319, 309, 276, 322, 350, 370, 285, 317, 322, 239, 341, 341, 310, 261, 402, 251, 274, 320, 325, 297, 398, 402, 307, 341, 338, 336, 288, 281, 358, 283, 295, 276, 267]
50
[412, 350, 296, 282, 290, 308, 327, 371, 357, 335, 414, 293, 350, 358, 297, 338, 329, 274, 305, 283, 285, 355, 281, 331, 240, 329, 319, 271, 349, 283, 336, 319, 351, 290, 341, 310, 380, 328, 345, 287, 338, 393, 275, 323, 317, 382, 306, 264, 306, 425, 332, 323, 332, 357, 329, 282, 404, 279, 296, 329, 336, 360, 289, 359, 387, 344, 320, 316, 285, 334, 340, 310, 338, 330, 303, 296, 344, 336, 340, 315, 364, 330, 291, 268, 364, 305, 320, 294, 363, 297, 275, 290, 289, 333, 331, 283, 291, 323, 368, 456]
60
[319, 359, 296, 409, 324, 317, 337, 351, 322, 306, 318, 273, 283, 343, 319, 353, 350, 336, 321, 328, 327, 343, 344, 329, 342, 349, 305, 306, 264, 320, 316, 388, 358, 265, 446, 275, 301, 317, 283, 401, 372, 282, 329, 267, 261, 338, 356, 364, 320, 294, 369, 325, 350, 331, 316, 321, 333, 264, 298, 333, 384, 321, 331, 329, 252, 341, 358, 269, 298, 301, 313, 330, 394, 336, 310, 332, 292, 311, 327, 319, 406, 304, 349, 393, 314, 358, 410, 305, 287, 345, 265, 255, 343, 464, 319, 318, 290, 292, 370, 347]
70
[297, 365, 312, 306, 324, 267, 488, 361, 311, 343, 307, 273, 340, 305, 384, 301, 424, 287, 336, 283, 320, 262, 291, 391, 327, 332, 339, 346, 303, 331, 266, 340, 271, 342, 368, 274, 328, 387, 367, 296, 389, 311, 399, 426, 360, 370, 342, 354, 288, 331, 368, 424, 339, 340, 373, 340, 289, 310, 324, 333, 254, 365, 343, 388, 354, 277, 308, 410, 299, 416, 342, 332, 299, 346, 316, 269, 294, 319, 302, 274, 288, 269, 313, 387, 261, 356, 400, 473, 328, 417, 419, 357, 375, 379, 295, 321, 358, 271, 278, 312]
80
[306, 261, 398, 381, 266, 294, 366, 360, 330, 315, 322, 325, 359, 351, 333, 290, 274, 378, 316, 318, 313, 333, 351, 385, 366, 326, 350, 283, 329, 301, 315, 292, 317, 322, 286, 412, 355, 342, 322, 391, 308, 310, 293, 342, 335, 312, 359, 334, 316, 317, 322, 301, 305, 329, 406, 337, 472, 303, 319, 338, 337, 351, 329, 279, 410, 287, 258, 293, 300, 301, 318, 322, 381, 370, 329, 330, 349, 301, 384, 315, 311, 362, 286, 318, 449, 314, 281, 372, 302, 357, 370, 342, 324, 331, 345, 367, 330, 332, 277, 370]
90
[306, 402, 310, 321, 372, 322, 311, 299, 319, 280, 387, 437, 325, 318, 272, 411, 309, 343, 306, 327, 317, 356, 379, 289, 298, 306, 417, 405, 342, 308, 276, 358, 364, 302, 353, 460, 312, 282, 318, 290, 428, 334, 285, 299, 320, 312, 277, 370, 290, 383, 371, 289, 399, 333, 374, 332, 362, 331, 303, 301, 255, 345, 274, 358, 555, 357, 324, 384, 301, 332, 470, 357, 301, 354, 343, 393, 369, 354, 405, 447, 310, 381, 355, 402, 293, 273, 409, 367, 323, 332, 362, 332, 334, 275, 326, 376, 273, 329, 362, 290]
