0
[0, 0, 0, 0, 0, 0, 0, 0, 0, 0, 0, 0, 0, 0, 0, 0, 0, 0, 0, 0, 0, 0, 0, 0, 0, 0, 0, 0, 0, 0, 0, 0, 0, 0, 0, 0, 0, 0, 0, 0, 0, 0, 0, 0, 0, 0, 0, 0, 0, 0, 0, 0, 0, 0, 0, 0, 0, 0, 0, 0, 0, 0, 0, 0, 0, 0, 0, 0, 0, 0, 0, 0, 0, 0, 0, 0, 0, 0, 0, 0, 0, 0, 0, 0, 0, 0, 0, 0, 0, 0, 0, 0, 0, 0, 0, 0, 0, 0, 0, 0]
1
[0, 0, 0, 0, 0, 0, 0, 0, 0, 0, 0, 0, 0, 0, 0, 0, 0, 0, 0, 0, 0, 0, 0, 0, 0, 0, 0, 0, 0, 0, 0, 0, 0, 0, 0, 0, 0, 0, 0, 0, 0, 0, 0, 0, 0, 0, 0, 0, 0, 0, 0, 0, 0, 0, 0, 0, 0, 0, 0, 0, 0, 0, 0, 0, 0, 0, 0, 0, 0, 0, 0, 0, 0, 0, 0, 0, 0, 0, 0, 0, 0, 0, 0, 0, 0, 0, 0, 0, 0, 0, 0, 0, 0, 0, 0, 0, 0, 0, 0, 0]
2
[1, 1, 1, 1, 1, 1, 1, 1, 1, 1, 1, 1, 1, 1, 1, 1, 1, 1, 1, 1, 1, 1, 1, 1, 1, 1, 1, 1, 1, 1, 1, 1, 1, 1, 1, 1, 1, 1, 1, 1, 1, 1, 1, 1, 1, 1, 1, 1, 1, 1, 1, 1, 1, 1, 1, 1, 1, 1, 1, 1, 1, 1, 1, 1, 1, 1, 1, 1, 1, 1, 1, 1, 1, 1, 1, 1, 1, 1, 1, 1, 1, 1, 1, 1, 1, 1, 1, 1, 1, 1, 1, 1, 1, 1, 1, 1, 1, 1, 1, 1]
3
[5, 4, 7, 6, 9, 5, 7, 4, 7, 3, 6, 3, 3, 3, 9, 4, 6, 4, 4, 5, 5, 9, 7, 3, 4, 3, 7, 4, 5, 3, 8, 3, 4, 9, 5, 3, 7, 8, 5, 5, 6, 3, 4, 4, 6, 5, 5, 3, 3, 3, 4, 9, 5, 6, 5, 8, 7, 7, 7, 4, 5, 6, 4, 4, 9, 7, 5, 5, 3, 4, 3, 9, 3, 3, 6, 6, 3, 8, 8, 5, 3, 8, 3, 5, 5, 5, 4, 3, 12, 3, 3, 4, 4, 4, 9, 10, 5, 5, 3, 8]
4
[12, 9, 9, 17, 13, 17, 9, 6, 14, 7, 24, 5, 6, 14, 10, 7, 9, 10, 9, 18, 13, 10, 5, 8, 11, 8, 10, 8, 15, 7, 14, 7, 17, 10, 13, 6, 7, 12, 7, 15, 8, 6, 8, 8, 13, 7, 12, 12, 10, 8, 11, 7, 11, 13, 9, 10, 6, 7, 7, 14, 9, 8, 6, 9, 11, 8, 6, 9, 7, 7, 7, 14, 8, 7, 10, 13, 10, 6, 9, 14, 9, 9, 7, 8, 11, 12, 9, 9, 9, 8, 9, 6, 18, 13, 6, 17, 8, 9, 6, 5]
5
[17, 13, 17, 16, 14, 14, 15, 19, 13, 9, 18, 14, 17, 11, 14, 15, 19, 11, 9, 10, 28, 16, 13, 29, 12, 16, 17, 13, 8, 16, 15, 11, 17, 17, 15, 13, 28, 20, 20, 15, 18, 14, 16, 20, 22, 15, 21, 22, 9, 16, 9, 14, 16, 9, 30, 34, 14, 20, 14, 22, 9, 24, 16, 9, 20, 13, 14, 17, 13, 8, 22, 12, 12, 29, 11, 20, 13, 25, 8, 14, 20, 14, 18, 18, 13, 14, 11, 19, 8, 9, 10, 10, 11, 28, 15, 19, 9, 37, 22, 14]
6
[15, 26, 21, 23, 15, 17, 25, 24, 17, 17, 25, 25, 23, 25, 18, 26, 24, 30, 20, 13, 51, 15, 30, 22, 42, 25, 48, 32, 22, 27, 19, 13, 14, 23, 21, 22, 16, 24, 19, 25, 26, 14, 10, 19, 14, 14, 17, 15, 21, 22, 13, 18, 13, 16, 16, 22, 25, 21, 25, 24, 27, 28, 15, 23, 18, 16, 22, 22, 27, 30, 15, 24, 28, 27, 17, 26, 20, 19, 17, 27, 36, 34, 14, 24, 25, 27, 14, 19, 23, 14, 27, 23, 36, 25, 25, 11, 16, 20, 38, 20]
7
[43, 23, 24, 33, 24, 26, 34, 25, 34, 28, 37, 36, 22, 38, 27, 19, 22, 40, 37, 51, 17, 25, 29, 22, 21, 15, 28, 31, 22, 35, 23, 16, 29, 19, 19, 27, 25, 24, 21, 33, 16, 30, 27, 28, 17, 30, 18, 21, 19, 16, 27, 24, 35, 25, 38, 30, 42, 51, 24, 25, 22, 35, 21, 23, 38, 46, 17, 35, 21, 20, 50, 19, 28, 20, 40, 20, 23, 34, 41, 22, 22, 20, 33, 32, 46, 34, 22, 21, 40, 37, 15, 34, 28, 32, 30, 30, 26, 44, 30, 35]
8
[35, 32, 27, 69, 59, 24, 66, 31, 43, 42, 31, 29, 58, 27, 43, 59, 28, 28, 35, 29, 32, 40, 34, 29, 30, 49, 24, 44, 40, 32, 33, 23, 35, 46, 49, 49, 30, 30, 38, 24, 32, 17, 32, 34, 31, 40, 34, 37, 29, 60, 42, 52, 44, 30, 58, 33, 31, 31, 26, 48, 46, 28, 17, 20, 44, 29, 33, 42, 23, 28, 44, 24, 48, 40, 33, 25, 35, 34, 58, 25, 44, 35, 39, 22, 23, 29, 50, 42, 44, 35, 29, 30, 39, 33, 51, 53, 36, 24, 53, 33]
9
[41, 23, 47, 36, 40, 32, 50, 40, 36, 48, 45, 35, 50, 36, 39, 36, 38, 40, 44, 49, 50, 36, 54, 46, 50, 40, 43, 40, 38, 41, 42, 29, 66, 86, 31, 45, 28, 40, 50, 38, 32, 30, 52, 33, 36, 43, 46, 67, 24, 45, 128, 41, 26, 49, 35, 32, 46, 39, 35, 35, 37, 55, 37, 58, 78, 37, 68, 41, 36, 38, 36, 37, 32, 22, 36, 43, 44, 39, 50, 41, 28, 37, 50, 37, 33, 55, 41, 69, 41, 31, 39, 48, 35, 44, 54, 35, 45, 39, 39, 37]
10
[69, 35, 58, 45, 48, 36, 45, 50, 50, 34, 38, 49, 54, 54, 75, 40, 50, 58, 38, 55, 49, 43, 65, 60, 63, 64, 44, 39, 56, 37, 39, 42, 42, 58, 91, 47, 57, 54, 45, 47, 64, 50, 46, 60, 38, 40, 79, 45, 48, 38, 40, 62, 52, 54, 67, 58, 37, 41, 61, 43, 68, 51, 48, 29, 60, 54, 53, 47, 42, 34, 30, 58, 44, 42, 41, 45, 79, 35, 44, 62, 55, 36, 52, 56, 42, 55, 38, 57, 46, 65, 61, 37, 38, 35, 63, 40, 46, 44, 53, 41]
11
[62, 76, 40, 37, 47, 113, 74, 55, 53, 46, 54, 70, 36, 37, 49, 66, 52, 62, 60, 77, 110, 84, 57, 92, 54, 50, 45, 50, 53, 68, 39, 53, 95, 71, 57, 79, 72, 70, 46, 49, 58, 52, 39, 49, 35, 80, 61, 49, 47, 45, 58, 72, 51, 44, 80, 53, 37, 66, 43, 68, 55, 31, 91, 86, 43, 54, 58, 51, 45, 69, 76, 63, 47, 50, 55, 47, 54, 98, 61, 98, 87, 48, 89, 66, 48, 35, 52, 45, 82, 42, 48, 76, 40, 43, 70, 38, 64, 42, 50, 69]
12
[75, 62, 87, 64, 73, 100, 65, 63, 93, 50, 51, 43, 59, 50, 63, 89, 38, 80, 85, 71, 55, 73, 62, 51, 116, 61, 56, 61, 92, 73, 67, 59, 43, 41, 34, 50, 46, 62, 74, 74, 78, 46, 51, 78, 73, 38, 60, 56, 64, 74, 66, 77, 54, 90, 56, 32, 60, 62, 63, 74, 75, 47, 75, 41, 55, 73, 71, 56, 52, 96, 65, 64, 60, 50, 50, 94, 81, 55, 41, 49, 38, 64, 84, 67, 62, 53, 87, 87, 60, 83, 55, 46, 157, 45, 89, 74, 65, 89, 71, 98]
13
[78, 65, 97, 79, 71, 72, 82, 50, 82, 54, 49, 67, 70, 74, 52, 79, 76, 61, 47, 58, 90, 62, 87, 77, 38, 83, 80, 65, 36, 51, 75, 115, 65, 80, 84, 53, 84, 55, 72, 72, 71, 83, 78, 75, 59, 53, 75, 64, 86, 51, 71, 72, 65, 81, 50, 71, 53, 120, 57, 100, 54, 76, 62, 46, 76, 115, 54, 70, 64, 84, 58, 78, 91, 87, 111, 42, 81, 65, 68, 72, 110, 54, 72, 43, 106, 94, 97, 47, 69, 53, 65, 82, 113, 50, 58, 84, 70, 40, 64, 63]
14
[44, 99, 83, 59, 88, 57, 122, 69, 59, 62, 94, 58, 105, 73, 71, 56, 72, 78, 45, 113, 95, 87, 93, 108, 78, 131, 136, 84, 93, 71, 56, 71, 91, 65, 66, 122, 70, 103, 94, 83, 47, 53, 68, 81, 56, 103, 64, 61, 136, 77, 135, 105, 81, 80, 68, 50, 94, 97, 73, 75, 89, 82, 100, 81, 100, 77, 153, 103, 89, 99, 79, 98, 92, 66, 88, 59, 84, 95, 73, 88, 74, 75, 76, 67, 72, 71, 78, 73, 92, 55, 83, 74, 97, 75, 77, 52, 61, 129, 93, 76]
15
[70, 140, 102, 127, 100, 66, 80, 68, 110, 110, 111, 82, 103, 87, 95, 101, 86, 80, 55, 114, 109, 71, 102, 76, 73, 86, 92, 71, 129, 98, 96, 64, 66, 71, 67, 93, 60, 77, 71, 116, 67, 95, 65, 63, 49, 79, 59, 76, 104, 135, 87, 109, 60, 100, 149, 80, 61, 93, 71, 102, 125, 72, 85, 78, 109, 89, 52, 75, 86, 91, 104, 95, 66, 63, 86, 65, 74, 75, 126, 78, 119, 94, 140, 106, 93, 65, 66, 103, 101, 71, 103, 78, 87, 113, 93, 81, 81, 75, 67, 93]
16
[150, 106, 87, 77, 93, 148, 215, 73, 70, 101, 57, 64, 118, 98, 78, 102, 86, 84, 82, 69, 84, 80, 104, 164, 73, 98, 70, 94, 93, 98, 98, 66, 65, 82, 104, 99, 111, 117, 143, 67, 60, 116, 100, 75, 74, 101, 70, 114, 88, 75, 52, 144, 102, 111, 88, 76, 87, 91, 97, 65, 99, 70, 93, 112, 78, 117, 162, 114, 86, 83, 109, 97, 83, 69, 86, 111, 78, 132, 66, 78, 149, 104, 94, 74, 106, 103, 103, 106, 129, 64, 128, 85, 102, 162, 121, 121, 85, 96, 59, 135]
17
[87, 84, 114, 87, 78, 93, 110, 78, 97, 106, 78, 75, 100, 90, 82, 178, 86, 123, 114, 74, 90, 99, 112, 88, 95, 101, 85, 133, 99, 108, 105, 95, 90, 112, 66, 126, 67, 92, 142, 167, 94, 72, 100, 88, 86, 72, 106, 119, 112, 110, 121, 119, 132, 105, 105, 78, 122, 89, 91, 119, 131, 129, 98, 138, 213, 171, 127, 186, 136, 86, 103, 108, 139, 101, 76, 68, 124, 85, 103, 66, 80, 92, 125, 73, 103, 79, 158, 122, 107, 90, 85, 108, 112, 93, 109, 114, 147, 85, 132, 127]
18
[100, 113, 128, 111, 102, 117, 79, 168, 124, 147, 190, 197, 121, 106, 118, 153, 101, 92, 168, 170, 93, 106, 118, 97, 89, 82, 96, 135, 121, 138, 84, 73, 99, 76, 101, 121, 162, 121, 96, 121, 79, 92, 134, 93, 101, 138, 120, 146, 129, 134, 131, 105, 74, 139, 102, 130, 154, 117, 156, 67, 101, 114, 107, 112, 168, 103, 129, 153, 109, 96, 86, 91, 127, 106, 92, 117, 154, 91, 129, 77, 145, 140, 88, 96, 101, 80, 120, 151, 131, 169, 110, 119, 124, 81, 103, 121, 196, 95, 127, 153]
19
[113, 136, 103, 91, 103, 83, 145, 108, 167, 139, 170, 159, 117, 98, 173, 108, 95, 129, 113, 127, 127, 118, 97, 199, 170, 84, 127, 94, 118, 164, 126, 107, 184, 92, 156, 126, 83, 180, 98, 128, 152, 110, 144, 125, 114, 90, 109, 148, 141, 122, 99, 117, 93, 154, 101, 126, 149, 118, 271, 152, 94, 81, 119, 158, 128, 130, 127, 105, 86, 138, 91, 104, 118, 113, 113, 112, 153, 131, 117, 197, 145, 126, 139, 136, 143, 107, 144, 86, 91, 106, 150, 123, 105, 93, 136, 162, 163, 134, 97, 120]
20
[78, 89, 119, 91, 133, 116, 164, 119, 157, 158, 131, 128, 101, 237, 108, 107, 160, 96, 99, 133, 94, 152, 109, 92, 137, 95, 128, 126, 97, 171, 147, 175, 127, 120, 117, 107, 167, 114, 109, 154, 118, 116, 162, 141, 185, 99, 143, 111, 106, 134, 107, 141, 108, 124, 151, 149, 115, 62, 134, 130, 106, 123, 142, 90, 130, 75, 129, 116, 124, 171, 139, 164, 144, 206, 200, 203, 98, 102, 166, 96, 124, 110, 132, 181, 163, 123, 130, 132, 125, 132, 96, 103, 85, 127, 123, 128, 114, 124, 174, 176]
21
[99, 143, 113, 140, 166, 151, 143, 153, 129, 169, 142, 144, 195, 79, 198, 114, 164, 117, 174, 141, 249, 99, 104, 174, 108, 159, 205, 116, 167, 158, 139, 131, 107, 158, 159, 108, 82, 175, 93, 162, 139, 139, 122, 119, 120, 149, 116, 200, 214, 95, 195, 106, 125, 117, 166, 144, 145, 220, 123, 111, 163, 157, 143, 112, 124, 138, 182, 129, 119, 127, 109, 208, 108, 189, 166, 212, 100, 229, 122, 125, 98, 147, 147, 99, 220, 165, 212, 170, 133, 106, 95, 141, 123, 169, 150, 144, 186, 110, 97, 186]
22
[147, 178, 176, 132, 123, 130, 176, 203, 146, 147, 143, 155, 196, 162, 130, 197, 145, 155, 207, 199, 175, 121, 152, 121, 189, 228, 164, 200, 170, 147, 130, 141, 137, 176, 120, 88, 148, 109, 139, 144, 128, 148, 162, 144, 151, 143, 104, 114, 144, 116, 246, 144, 155, 176, 153, 143, 140, 196, 172, 162, 199, 138, 127, 106, 191, 166, 216, 150, 140, 135, 100, 121, 179, 120, 140, 134, 109, 197, 119, 155, 114, 198, 179, 151, 143, 123, 162, 151, 83, 186, 116, 136, 200, 113, 114, 164, 135, 81, 147, 191]
23
[168, 153, 167, 157, 188, 121, 100, 159, 180, 135, 128, 129, 144, 276, 113, 154, 140, 116, 210, 206, 113, 125, 155, 177, 187, 169, 162, 167, 164, 209, 150, 155, 137, 137, 183, 177, 146, 128, 165, 121, 142, 214, 176, 170, 230, 179, 99, 171, 142, 164, 201, 264, 256, 132, 229, 132, 174, 133, 130, 109, 134, 138, 195, 140, 177, 198, 246, 168, 208, 157, 140, 156, 115, 128, 168, 131, 162, 232, 113, 193, 140, 122, 134, 161, 163, 174, 137, 128, 98, 206, 160, 142, 207, 123, 164, 146, 200, 121, 153, 150]
24
[160, 147, 191, 159, 171, 136, 228, 165, 172, 180, 122, 173, 175, 159, 185, 121, 289, 217, 136, 154, 117, 142, 215, 142, 173, 158, 197, 149, 159, 204, 170, 166, 147, 204, 162, 157, 179, 296, 179, 188, 262, 173, 281, 189, 169, 211, 128, 145, 127, 139, 190, 170, 192, 114, 141, 132, 176, 179, 143, 148, 151, 189, 185, 119, 151, 107, 193, 184, 159, 177, 218, 160, 133, 215, 208, 183, 239, 175, 169, 230, 136, 152, 92, 117, 154, 128, 142, 243, 154, 127, 133, 189, 151, 139, 122, 172, 181, 112, 211, 179]
25
[157, 129, 213, 187, 114, 161, 157, 192, 122, 208, 229, 186, 190, 232, 223, 175, 168, 188, 133, 201, 200, 163, 246, 239, 157, 172, 250, 165, 165, 175, 224, 200, 120, 144, 154, 169, 194, 138, 190, 178, 155, 201, 141, 155, 132, 152, 127, 206, 168, 124, 213, 189, 157, 182, 143, 199, 171, 177, 151, 195, 208, 340, 185, 149, 216, 136, 160, 182, 188, 146, 133, 147, 142, 177, 149, 202, 192, 149, 253, 161, 158, 192, 128, 129, 160, 196, 159, 166, 133, 173, 132, 138, 171, 303, 165, 189, 205, 157, 194, 147]
26
[194, 126, 163, 247, 138, 221, 207, 184, 202, 124, 185, 271, 170, 154, 279, 170, 244, 207, 170, 168, 197, 165, 161, 134, 256, 212, 140, 134, 148, 286, 245, 176, 160, 246, 181, 217, 131, 165, 270, 166, 147, 189, 215, 269, 206, 124, 180, 187, 157, 249, 150, 171, 143, 126, 190, 286, 193, 214, 170, 149, 283, 135, 120, 214, 157, 183, 163, 184, 188, 338, 180, 219, 183, 140, 194, 236, 212, 230, 264, 151, 156, 98, 236, 181, 196, 221, 188, 132, 234, 212, 223, 193, 305, 156, 204, 194, 183, 194, 177, 223]
27
[192, 169, 151, 125, 155, 160, 140, 137, 209, 230, 206, 293, 138, 214, 161, 167, 192, 170, 240, 220, 154, 179, 196, 171, 248, 176, 250, 210, 207, 221, 150, 129, 199, 199, 216, 163, 157, 151, 170, 247, 218, 248, 197, 192, 194, 189, 185, 194, 216, 179, 162, 216, 174, 142, 243, 193, 192, 184, 146, 147, 238, 166, 163, 135, 190, 201, 173, 147, 209, 220, 226, 163, 166, 157, 220, 163, 167, 184, 189, 150, 182, 180, 179, 161, 241, 162, 219, 208, 220, 203, 206, 274, 166, 256, 210, 157, 167, 280, 243, 166]
28
[212, 199, 283, 155, 214, 165, 210, 229, 263, 159, 229, 183, 188, 146, 165, 223, 257, 196, 186, 195, 171, 251, 231, 206, 131, 195, 192, 349, 207, 176, 240, 178, 132, 230, 213, 162, 229, 226, 115, 240, 295, 194, 190, 202, 158, 177, 226, 281, 329, 163, 170, 313, 225, 217, 119, 204, 284, 213, 212, 287, 224, 406, 170, 208, 284, 151, 216, 201, 202, 161, 157, 147, 250, 214, 173, 218, 213, 267, 202, 200, 305, 131, 189, 201, 262, 160, 180, 197, 292, 218, 156, 197, 267, 321, 186, 166, 290, 180, 232, 177]
29
[241, 271, 145, 276, 246, 258, 226, 182, 218, 209, 242, 201, 146, 200, 269, 255, 249, 202, 205, 208, 348, 189, 229, 203, 232, 201, 165, 263, 150, 282, 189, 141, 311, 184, 274, 200, 139, 177, 241, 215, 197, 218, 259, 197, 250, 194, 197, 219, 200, 214, 168, 143, 306, 139, 172, 254, 156, 217, 187, 197, 229, 249, 237, 161, 165, 180, 284, 244, 170, 218, 237, 224, 288, 219, 146, 343, 164, 204, 280, 184, 193, 256, 142, 253, 156, 240, 240, 178, 185, 350, 199, 187, 197, 198, 159, 172, 307, 262, 223, 151]
30
[219, 316, 202, 209, 302, 220, 269, 220, 245, 277, 193, 236, 263, 222, 185, 201, 185, 210, 186, 279, 194, 239, 244, 214, 226, 210, 212, 239, 189, 300, 290, 179, 338, 204, 184, 257, 209, 184, 222, 264, 205, 221, 276, 316, 227, 176, 239, 220, 174, 234, 164, 237, 355, 284, 235, 299, 241, 206, 181, 225, 217, 198, 201, 155, 191, 241, 183, 364, 197, 243, 209, 235, 195, 198, 203, 251, 353, 226, 304, 227, 220, 272, 253, 206, 199, 243, 168, 264, 246, 185, 243, 236, 208, 279, 195, 205, 185, 173, 253, 169]
31
[236, 302, 201, 159, 219, 205, 203, 283, 218, 232, 258, 269, 177, 178, 260, 259, 238, 159, 220, 196, 227, 274, 192, 192, 159, 217, 170, 197, 174, 184, 235, 383, 273, 235, 329, 182, 241, 268, 369, 301, 336, 207, 265, 213, 220, 282, 218, 229, 215, 237, 208, 202, 224, 209, 151, 161, 228, 207, 234, 187, 236, 196, 354, 166, 285, 189, 324, 207, 175, 199, 300, 360, 243, 271, 195, 220, 232, 306, 226, 367, 221, 280, 260, 307, 190, 229, 230, 221, 242, 263, 194, 211, 208, 236, 277, 177, 246, 259, 221, 239]
32
[264, 215, 227, 233, 262, 239, 230, 261, 219, 277, 318, 200, 201, 192, 208, 247, 207, 220, 336, 269, 280, 191, 212, 247, 315, 262, 254, 223, 176, 267, 266, 331, 216, 273, 304, 194, 252, 191, 329, 235, 229, 235, 339, 284, 326, 171, 253, 183, 315, 218, 264, 194, 327, 180, 235, 237, 214, 208, 206, 289, 200, 271, 237, 222, 240, 344, 334, 226, 194, 333, 323, 223, 293, 166, 207, 235, 226, 220, 169, 230, 182, 293, 241, 299, 229, 217, 206, 217, 271, 207, 231, 271, 296, 371, 218, 240, 216, 363, 280, 227]
33
[229, 271, 326, 204, 205, 303, 255, 301, 244, 242, 190, 217, 206, 246, 218, 323, 220, 170, 293, 285, 291, 235, 274, 422, 321, 196, 264, 231, 219, 250, 330, 224, 268, 188, 198, 319, 244, 323, 212, 266, 314, 243, 320, 233, 223, 201, 240, 259, 222, 262, 367, 217, 292, 281, 332, 214, 248, 283, 346, 260, 249, 267, 318, 173, 174, 238, 226, 226, 237, 342, 181, 291, 325, 297, 200, 220, 199, 252, 342, 207, 249, 254, 307, 209, 244, 193, 332, 200, 297, 230, 247, 313, 335, 204, 259, 206, 254, 261, 364, 244]
34
[270, 321, 322, 252, 232, 208, 278, 242, 200, 306, 215, 262, 252, 264, 237, 338, 293, 321, 265, 217, 252, 179, 225, 217, 307, 346, 218, 212, 191, 345, 250, 200, 281, 248, 234, 240, 243, 304, 184, 243, 212, 207, 238, 286, 242, 201, 200, 292, 314, 232, 198, 230, 307, 243, 298, 202, 242, 182, 266, 476, 333, 213, 245, 283, 256, 202, 219, 294, 328, 301, 224, 175, 211, 317, 383, 206, 328, 244, 277, 238, 269, 261, 288, 230, 186, 210, 270, 287, 297, 190, 207, 257, 259, 317, 261, 352, 237, 280, 384, 257]
35
[380, 246, 291, 325, 268, 314, 249, 284, 184, 249, 260, 224, 281, 215, 320, 251, 268, 356, 280, 255, 438, 351, 236, 249, 253, 236, 226, 425, 258, 237, 252, 201, 253, 275, 243, 306, 339, 303, 204, 249, 222, 278, 255, 288, 279, 210, 256, 194, 181, 246, 231, 342, 268, 290, 270, 252, 253, 439, 196, 214, 494, 353, 204, 302, 165, 269, 204, 217, 440, 320, 250, 218, 395, 250, 245, 383, 271, 227, 284, 272, 298, 248, 343, 278, 251, 339, 241, 279, 228, 292, 198, 290, 272, 268, 267, 233, 321, 344, 300, 374]
36
[363, 317, 376, 296, 241, 282, 229, 285, 301, 254, 225, 265, 299, 214, 346, 353, 342, 289, 339, 304, 442, 299, 277, 440, 232, 266, 257, 358, 310, 274, 316, 275, 220, 285, 314, 429, 171, 249, 538, 286, 223, 229, 430, 229, 266, 261, 382, 332, 310, 208, 334, 422, 315, 309, 282, 331, 333, 315, 226, 286, 299, 285, 231, 269, 205, 354, 252, 187, 343, 318, 313, 246, 354, 303, 256, 259, 204, 308, 297, 306, 187, 215, 290, 202, 399, 288, 238, 310, 246, 294, 231, 266, 364, 271, 276, 284, 363, 262, 256, 267]
37
[325, 424, 278, 385, 390, 362, 351, 284, 346, 297, 308, 299, 221, 261, 300, 254, 225, 279, 336, 315, 293, 241, 283, 207, 305, 340, 293, 257, 282, 289, 232, 414, 417, 264, 254, 320, 309, 219, 206, 358, 263, 298, 319, 375, 309, 253, 260, 355, 359, 383, 287, 271, 282, 312, 285, 269, 214, 281, 326, 296, 257, 285, 326, 231, 219, 254, 338, 347, 222, 270, 266, 216, 306, 379, 361, 251, 277, 300, 362, 371, 246, 289, 245, 222, 285, 313, 389, 255, 252, 292, 315, 259, 250, 234, 236, 204, 275, 274, 359, 189]
38
[527, 280, 402, 297, 250, 317, 293, 264, 234, 286, 236, 221, 263, 283, 352, 258, 325, 383, 252, 306, 419, 276, 573, 302, 269, 306, 275, 330, 227, 385, 290, 272, 281, 320, 410, 430, 266, 288, 398, 406, 262, 387, 279, 327, 411, 332, 324, 325, 225, 415, 330, 278, 419, 233, 278, 277, 303, 339, 249, 359, 250, 327, 250, 255, 345, 313, 295, 346, 317, 437, 250, 322, 395, 375, 687, 406, 293, 390, 275, 379, 354, 350, 188, 374, 237, 393, 283, 339, 303, 268, 331, 325, 270, 246, 245, 284, 228, 352, 225, 301]
39
[288, 325, 356, 406, 557, 265, 317, 292, 290, 336, 443, 199, 317, 357, 375, 500, 397, 176, 350, 360, 281, 379, 413, 252, 358, 368, 230, 333, 280, 330, 374, 280, 379, 323, 361, 286, 325, 276, 261, 306, 217, 311, 373, 261, 371, 222, 273, 330, 358, 304, 206, 298, 328, 253, 338, 381, 420, 233, 355, 291, 367, 320, 316, 308, 236, 414, 212, 356, 327, 490, 246, 373, 472, 298, 250, 317, 414, 275, 365, 259, 223, 324, 433, 386, 286, 324, 323, 277, 360, 369, 280, 333, 333, 312, 369, 280, 290, 374, 300, 323]
40
[286, 318, 265, 286, 312, 325, 367, 257, 507, 368, 427, 255, 250, 352, 390, 393, 352, 304, 323, 277, 337, 342, 293, 246, 438, 316, 270, 222, 399, 369, 291, 328, 434, 306, 399, 347, 434, 328, 308, 256, 245, 349, 402, 274, 434, 356, 371, 236, 296, 313, 318, 376, 328, 369, 224, 294, 382, 286, 296, 317, 323, 361, 336, 340, 357, 294, 252, 380, 318, 403, 332, 264, 262, 302, 260, 313, 281, 348, 313, 501, 267, 223, 345, 256, 417, 356, 281, 269, 269, 359, 317, 432, 320, 324, 277, 336, 296, 350, 247, 305]
41
[253, 324, 341, 429, 398, 414, 265, 292, 333, 408, 304, 481, 333, 582, 320, 375, 353, 357, 481, 400, 294, 387, 470, 432, 564, 308, 408, 443, 309, 359, 295, 335, 298, 345, 359, 431, 351, 509, 264, 265, 313, 359, 327, 456, 344, 364, 356, 300, 311, 275, 259, 547, 352, 290, 311, 371, 409, 391, 371, 346, 348, 436, 349, 383, 399, 447, 304, 346, 374, 292, 345, 268, 469, 412, 613, 440, 318, 336, 314, 276, 257, 321, 300, 298, 268, 327, 424, 277, 521, 299, 283, 333, 420, 367, 366, 291, 326, 268, 424, 356]
42
[324, 440, 387, 360, 284, 372, 305, 359, 312, 238, 359, 321, 367, 332, 543, 404, 242, 264, 516, 214, 320, 298, 406, 441, 208, 318, 367, 391, 357, 337, 390, 318, 259, 336, 394, 340, 263, 420, 502, 319, 330, 373, 353, 277, 300, 315, 268, 373, 371, 325, 313, 330, 355, 259, 346, 340, 249, 305, 417, 277, 322, 308, 332, 351, 387, 303, 345, 303, 245, 273, 453, 423, 287, 288, 341, 296, 246, 408, 254, 346, 334, 340, 309, 340, 474, 389, 312, 445, 354, 343, 260, 357, 274, 523, 463, 339, 306, 331, 354, 308]
43
[350, 283, 357, 302, 359, 348, 406, 383, 331, 602, 484, 342, 440, 316, 396, 414, 261, 525, 319, 409, 314, 252, 353, 323, 364, 448, 416, 358, 417, 324, 300, 371, 309, 298, 335, 517, 413, 408, 343, 325, 349, 489, 463, 341, 356, 400, 393, 381, 301, 298, 312, 602, 275, 547, 494, 384, 267, 348, 376, 347, 309, 343, 349, 464, 366, 323, 350, 469, 367, 309, 296, 412, 515, 343, 254, 450, 256, 389, 340, 255, 414, 423, 408, 294, 318, 359, 400, 404, 434, 358, 435, 402, 559, 324, 360, 585, 358, 335, 438, 386]
44
[329, 306, 401, 400, 283, 484, 381, 390, 365, 532, 476, 403, 429, 298, 286, 390, 351, 452, 470, 344, 432, 399, 547, 660, 351, 358, 374, 309, 261, 458, 379, 278, 243, 287, 476, 281, 289, 516, 328, 390, 321, 367, 400, 417, 363, 514, 312, 380, 389, 309, 367, 393, 353, 347, 415, 343, 335, 341, 435, 426, 318, 414, 378, 365, 292, 433, 526, 316, 363, 519, 301, 324, 416, 261, 358, 312, 322, 373, 319, 307, 332, 321, 503, 348, 619, 393, 554, 471, 338, 316, 339, 494, 403, 387, 408, 357, 293, 260, 325, 330]
45
[378, 369, 354, 359, 385, 464, 372, 383, 373, 355, 438, 340, 346, 333, 313, 269, 374, 406, 422, 467, 297, 380, 356, 307, 396, 469, 283, 416, 512, 612, 495, 364, 412, 342, 334, 370, 499, 384, 248, 334, 306, 475, 306, 372, 429, 322, 269, 490, 341, 339, 367, 334, 500, 293, 474, 347, 453, 273, 338, 561, 328, 337, 398, 455, 486, 341, 341, 378, 311, 366, 285, 322, 399, 490, 361, 417, 569, 390, 451, 367, 480, 340, 339, 348, 281, 418, 369, 405, 290, 403, 509, 355, 591, 351, 361, 435, 501, 383, 340, 494]
46
[357, 337, 333, 296, 283, 330, 342, 420, 612, 308, 308, 378, 391, 302, 320, 600, 411, 462, 228, 358, 345, 327, 356, 457, 390, 403, 336, 254, 376, 385, 325, 274, 461, 370, 434, 481, 352, 519, 330, 348, 318, 400, 301, 285, 373, 344, 405, 514, 271, 393, 495, 469, 342, 426, 320, 403, 413, 464, 280, 377, 357, 398, 356, 287, 462, 448, 348, 272, 407, 270, 483, 316, 335, 366, 441, 467, 478, 340, 414, 377, 459, 503, 286, 539, 451, 321, 391, 459, 495, 359, 364, 481, 279, 416, 353, 370, 433, 429, 397, 356]
47
[391, 509, 362, 284, 390, 334, 427, 395, 411, 302, 295, 428, 356, 528, 300, 412, 359, 372, 340, 487, 471, 507, 302, 332, 272, 386, 426, 294, 352, 276, 263, 374, 471, 341, 325, 358, 422, 399, 434, 311, 357, 308, 391, 381, 467, 339, 356, 424, 364, 344, 365, 258, 392, 332, 344, 403, 474, 495, 432, 313, 500, 406, 604, 257, 375, 450, 379, 354, 307, 430, 319, 566, 374, 339, 290, 435, 284, 365, 350, 365, 474, 488, 320, 297, 353, 417, 424, 377, 642, 309, 322, 433, 385, 428, 510, 422, 304, 380, 471, 361]
48
[485, 366, 381, 453, 356, 577, 463, 375, 526, 433, 494, 512, 399, 424, 396, 467, 375, 424, 367, 405, 328, 512, 397, 372, 458, 472, 437, 321, 453, 352, 396, 468, 306, 397, 402, 377, 247, 433, 417, 366, 652, 439, 442, 429, 408, 389, 361, 393, 334, 419, 350, 342, 315, 701, 300, 486, 437, 565, 455, 314, 348, 342, 550, 481, 469, 477, 513, 382, 472, 416, 310, 349, 292, 274, 529, 402, 460, 437, 386, 432, 405, 322, 445, 448, 389, 257, 380, 268, 390, 353, 392, 423, 369, 363, 385, 297, 554, 371, 323, 410]
49
[439, 473, 327, 317, 443, 433, 473, 367, 524, 499, 428, 395, 410, 331, 344, 349, 467, 384, 496, 351, 541, 301, 602, 331, 341, 361, 595, 424, 260, 374, 338, 287, 391, 465, 374, 424, 421, 582, 388, 382, 502, 402, 419, 488, 352, 438, 487, 413, 450, 507, 391, 526, 477, 411, 385, 417, 491, 332, 635, 577, 461, 341, 544, 517, 521, 363, 417, 587, 245, 383, 442, 333, 328, 496, 334, 316, 484, 567, 611, 452, 481, 398, 436, 391, 379, 490, 414, 491, 404, 485, 409, 559, 406, 293, 463, 419, 329, 332, 433, 583]
50
[397, 368, 413, 453, 401, 427, 588, 344, 406, 511, 632, 558, 371, 363, 403, 283, 502, 448, 427, 412, 372, 333, 382, 359, 363, 505, 641, 617, 279, 398, 437, 351, 358, 458, 453, 432, 470, 472, 346, 369, 469, 407, 436, 502, 709, 423, 389, 448, 360, 652, 386, 400, 432, 412, 402, 338, 427, 339, 417, 504, 412, 409, 672, 416, 391, 446, 280, 548, 340, 557, 675, 246, 366, 430, 527, 410, 495, 441, 365, 495, 380, 484, 668, 453, 474, 682, 334, 338, 405, 464, 437, 400, 743, 458, 672, 316, 530, 560, 471, 501]
51
[517, 691, 323, 447, 459, 483, 479, 641, 494, 668, 360, 477, 451, 365, 444, 514, 345, 412, 337, 439, 477, 568, 389, 520, 305, 594, 323, 379, 434, 555, 469, 373, 498, 342, 450, 443, 619, 446, 325, 368, 518, 370, 364, 525, 442, 396, 412, 377, 530, 411, 447, 580, 467, 475, 330, 358, 405, 598, 325, 380, 466, 472, 529, 573, 406, 491, 501, 370, 378, 452, 350, 388, 463, 385, 508, 581, 343, 434, 396, 363, 563, 530, 421, 480, 567, 463, 283, 417, 510, 753, 398, 642, 575, 421, 403, 487, 423, 449, 381, 569]
52
[441, 377, 560, 344, 351, 475, 365, 424, 520, 550, 492, 358, 481, 832, 564, 650, 579, 458, 655, 621, 514, 437, 488, 548, 432, 483, 645, 370, 385, 525, 511, 430, 543, 365, 516, 322, 537, 650, 331, 404, 578, 486, 371, 411, 446, 430, 473, 383, 376, 403, 418, 433, 352, 568, 384, 356, 433, 404, 398, 399, 466, 383, 453, 513, 573, 621, 448, 450, 359, 448, 686, 629, 408, 503, 479, 445, 378, 607, 556, 494, 460, 487, 391, 458, 614, 517, 568, 369, 396, 444, 388, 529, 432, 485, 630, 371, 418, 462, 402, 393]
53
[507, 318, 419, 413, 424, 433, 466, 422, 532, 611, 510, 536, 561, 577, 515, 382, 406, 434, 477, 454, 418, 465, 536, 528, 451, 537, 611, 407, 435, 562, 401, 364, 473, 503, 383, 533, 479, 480, 601, 407, 582, 609, 341, 478, 462, 338, 393, 463, 381, 389, 419, 479, 457, 489, 498, 493, 492, 419, 466, 514, 483, 470, 453, 477, 596, 367, 407, 680, 372, 431, 443, 349, 574, 473, 414, 465, 434, 475, 458, 526, 634, 414, 501, 521, 398, 548, 548, 398, 575, 462, 453, 458, 318, 489, 534, 396, 511, 427, 467, 376]
54
[582, 452, 458, 509, 440, 543, 486, 524, 391, 397, 405, 645, 395, 536, 431, 422, 492, 512, 377, 728, 440, 635, 537, 517, 362, 383, 445, 608, 359, 473, 345, 415, 496, 507, 297, 423, 459, 511, 386, 418, 744, 471, 508, 467, 562, 405, 564, 587, 376, 424, 454, 503, 376, 551, 367, 375, 357, 447, 410, 515, 487, 474, 554, 461, 509, 385, 511, 349, 449, 513, 410, 470, 435, 511, 462, 467, 460, 484, 450, 528, 631, 499, 564, 426, 533, 644, 599, 482, 418, 417, 428, 387, 517, 563, 435, 442, 549, 458, 412, 439]
55
[495, 624, 522, 483, 614, 588, 529, 411, 386, 551, 569, 495, 480, 533, 756, 372, 448, 492, 552, 503, 602, 614, 650, 516, 455, 526, 497, 533, 625, 322, 430, 601, 434, 696, 490, 360, 619, 459, 349, 637, 391, 448, 445, 424, 626, 508, 471, 468, 424, 483, 442, 470, 574, 590, 638, 407, 377, 477, 455, 381, 622, 538, 539, 392, 682, 469, 715, 441, 476, 441, 440, 686, 640, 424, 597, 386, 514, 467, 489, 485, 577, 375, 422, 472, 401, 592, 442, 511, 629, 411, 404, 566, 571, 446, 401, 529, 538, 479, 345, 450]
56
[521, 480, 387, 597, 482, 551, 613, 570, 483, 518, 466, 445, 419, 467, 435, 460, 367, 455, 505, 453, 592, 483, 583, 448, 408, 588, 389, 522, 518, 466, 350, 600, 579, 409, 496, 579, 522, 506, 580, 349, 553, 614, 423, 675, 504, 637, 441, 478, 604, 540, 557, 457, 576, 374, 379, 439, 571, 499, 478, 434, 530, 476, 468, 574, 355, 539, 434, 438, 374, 333, 464, 434, 432, 469, 649, 561, 328, 665, 345, 459, 544, 568, 413, 512, 551, 533, 655, 409, 569, 550, 407, 407, 436, 590, 634, 438, 515, 308, 417, 405]
57
[433, 512, 387, 408, 972, 554, 436, 334, 782, 521, 524, 461, 527, 754, 391, 620, 620, 409, 454, 678, 551, 726, 568, 473, 620, 459, 556, 584, 520, 509, 461, 440, 555, 482, 578, 638, 715, 527, 628, 509, 633, 671, 484, 627, 529, 506, 453, 794, 588, 406, 606, 749, 456, 518, 442, 406, 452, 469, 448, 475, 428, 576, 514, 478, 571, 712, 497, 679, 376, 574, 462, 402, 476, 428, 496, 504, 503, 463, 423, 536, 607, 498, 436, 481, 522, 555, 460, 409, 548, 450, 446, 438, 522, 609, 901, 530, 585, 429, 476, 581]
58
[466, 521, 470, 367, 480, 503, 429, 502, 460, 737, 430, 530, 444, 621, 721, 530, 417, 404, 450, 520, 414, 451, 494, 600, 756, 390, 411, 556, 562, 497, 424, 510, 418, 488, 424, 477, 524, 597, 629, 491, 353, 621, 396, 549, 648, 518, 475, 455, 489, 661, 639, 462, 442, 490, 691, 715, 483, 627, 487, 498, 458, 539, 491, 504, 380, 504, 427, 503, 432, 707, 592, 759, 495, 485, 608, 459, 519, 481, 588, 438, 491, 489, 667, 363, 332, 379, 802, 433, 439, 417, 552, 727, 431, 698, 461, 390, 614, 563, 432, 636]
59
[566, 576, 710, 528, 644, 391, 500, 533, 404, 460, 434, 743, 457, 551, 596, 480, 567, 549, 460, 497, 438, 361, 629, 602, 479, 453, 605, 586, 611, 637, 605, 498, 576, 431, 525, 502, 407, 383, 578, 411, 469, 647, 636, 555, 674, 492, 478, 466, 452, 400, 446, 621, 744, 581, 504, 519, 684, 470, 485, 839, 452, 527, 590, 542, 532, 488, 621, 459, 507, 470, 550, 618, 574, 582, 476, 541, 475, 644, 419, 552, 541, 617, 519, 590, 533, 756, 528, 615, 573, 656, 363, 535, 681, 587, 694, 721, 503, 559, 492, 520]
60
[539, 423, 521, 819, 510, 749, 590, 511, 680, 564, 527, 550, 758, 576, 680, 430, 563, 481, 436, 444, 485, 458, 428, 597, 456, 727, 479, 438, 567, 486, 546, 537, 326, 513, 477, 526, 695, 772, 523, 612, 683, 564, 486, 679, 600, 512, 550, 588, 519, 549, 472, 404, 490, 508, 461, 438, 377, 704, 460, 377, 571, 620, 503, 572, 418, 531, 474, 464, 387, 569, 703, 419, 422, 638, 579, 394, 528, 645, 636, 428, 406, 425, 610, 578, 400, 519, 544, 423, 738, 478, 623, 396, 483, 615, 592, 662, 542, 523, 618, 552]
61
[482, 719, 654, 646, 410, 324, 551, 415, 422, 646, 684, 538, 618, 574, 505, 446, 827, 413, 793, 616, 664, 761, 621, 490, 699, 693, 585, 587, 452, 534, 550, 576, 511, 463, 512, 737, 471, 564, 578, 620, 625, 501, 513, 619, 398, 595, 637, 574, 472, 652, 611, 441, 572, 480, 427, 660, 614, 651, 532, 1057, 489, 897, 511, 460, 619, 578, 630, 457, 486, 585, 605, 541, 555, 631, 526, 443, 501, 497, 564, 577, 417, 654, 614, 485, 762, 496, 532, 578, 604, 436, 507, 438, 503, 570, 812, 856, 506, 671, 603, 489]
62
[522, 546, 776, 624, 769, 404, 481, 600, 513, 410, 591, 806, 499, 704, 609, 665, 809, 767, 448, 498, 448, 367, 565, 605, 616, 661, 542, 571, 435, 773, 628, 938, 516, 484, 633, 563, 553, 597, 537, 1007, 524, 592, 742, 538, 427, 601, 430, 511, 422, 512, 543, 525, 498, 399, 744, 715, 508, 538, 646, 577, 469, 452, 582, 528, 500, 598, 843, 558, 718, 704, 565, 443, 727, 455, 603, 507, 717, 575, 551, 751, 553, 982, 572, 608, 500, 692, 637, 502, 451, 406, 487, 502, 692, 426, 567, 747, 557, 723, 532, 584]
63
[744, 516, 845, 502, 448, 790, 525, 515, 566, 618, 457, 589, 585, 532, 712, 440, 533, 741, 494, 520, 599, 581, 536, 523, 605, 387, 623, 482, 646, 410, 457, 759, 450, 736, 624, 683, 655, 516, 750, 465, 618, 591, 613, 534, 515, 584, 681, 489, 610, 500, 480, 781, 485, 602, 583, 506, 722, 586, 607, 407, 540, 892, 571, 886, 653, 622, 601, 710, 546, 673, 362, 477, 479, 421, 775, 512, 540, 441, 672, 517, 462, 683, 794, 569, 601, 477, 537, 764, 562, 729, 620, 511, 492, 463, 542, 710, 520, 552, 504, 600]
64
[414, 531, 557, 517, 574, 570, 479, 659, 502, 773, 572, 612, 611, 650, 535, 481, 550, 509, 556, 550, 574, 682, 698, 469, 612, 492, 552, 607, 617, 462, 739, 769, 593, 626, 552, 714, 414, 549, 599, 633, 587, 669, 532, 668, 474, 510, 746, 525, 608, 791, 707, 605, 505, 506, 697, 511, 659, 557, 447, 508, 683, 461, 505, 891, 739, 733, 531, 594, 530, 589, 481, 625, 461, 481, 399, 495, 798, 474, 657, 612, 633, 499, 528, 494, 403, 470, 667, 503, 812, 595, 588, 627, 459, 526, 446, 549, 494, 819, 478, 414]
65
[611, 700, 613, 747, 719, 489, 525, 475, 611, 885, 519, 505, 894, 798, 472, 398, 525, 446, 409, 682, 530, 476, 726, 541, 793, 707, 507, 537, 563, 484, 526, 521, 709, 618, 607, 504, 516, 512, 692, 761, 628, 606, 580, 615, 667, 639, 635, 786, 556, 662, 556, 684, 739, 756, 443, 798, 575, 390, 625, 637, 753, 910, 732, 513, 750, 586, 598, 460, 574, 606, 943, 616, 474, 830, 578, 629, 767, 403, 428, 463, 536, 474, 522, 484, 700, 551, 537, 750, 536, 559, 582, 802, 535, 566, 648, 701, 569, 487, 616, 994]
66
[537, 488, 608, 514, 515, 531, 1010, 551, 427, 527, 625, 474, 536, 504, 568, 613, 793, 442, 734, 652, 564, 595, 473, 680, 634, 937, 543, 562, 520, 640, 503, 515, 590, 670, 702, 825, 377, 420, 552, 517, 588, 532, 578, 603, 653, 578, 664, 497, 626, 658, 737, 652, 692, 603, 445, 617, 718, 580, 722, 768, 590, 558, 630, 559, 633, 551, 681, 665, 663, 449, 556, 676, 632, 615, 631, 592, 443, 666, 721, 620, 465, 537, 698, 488, 603, 609, 692, 501, 557, 770, 623, 452, 626, 455, 746, 552, 449, 906, 497, 795]
67
[477, 546, 757, 580, 585, 440, 619, 852, 648, 785, 592, 641, 713, 724, 590, 589, 768, 728, 700, 514, 473, 796, 501, 480, 571, 620, 547, 633, 628, 580, 788, 970, 472, 672, 588, 617, 516, 852, 551, 689, 727, 656, 759, 471, 840, 609, 598, 759, 635, 821, 553, 568, 617, 592, 614, 617, 591, 665, 557, 538, 627, 463, 544, 541, 528, 611, 506, 580, 462, 606, 508, 640, 488, 600, 570, 678, 552, 764, 625, 551, 680, 540, 573, 647, 654, 578, 530, 596, 822, 567, 796, 637, 564, 725, 714, 702, 603, 522, 746, 547]
68
[550, 691, 607, 548, 570, 578, 699, 718, 608, 531, 616, 528, 530, 562, 700, 734, 481, 754, 728, 524, 669, 750, 608, 791, 551, 503, 662, 711, 729, 580, 675, 606, 815, 805, 705, 540, 881, 605, 699, 579, 680, 782, 698, 693, 488, 624, 512, 678, 533, 589, 732, 873, 430, 711, 713, 660, 656, 582, 588, 473, 449, 503, 713, 519, 728, 811, 844, 544, 673, 514, 947, 638, 845, 677, 629, 662, 833, 804, 548, 592, 537, 547, 711, 529, 555, 760, 522, 503, 758, 698, 506, 594, 518, 843, 524, 660, 500, 661, 479, 624]
69
[754, 794, 665, 563, 420, 627, 525, 516, 663, 756, 536, 531, 884, 581, 694, 713, 537, 744, 535, 694, 564, 882, 507, 639, 734, 556, 791, 560, 703, 637, 553, 788, 644, 540, 916, 763, 635, 478, 640, 657, 586, 1023, 604, 814, 593, 718, 578, 609, 706, 651, 510, 654, 843, 578, 562, 643, 746, 619, 604, 596, 867, 649, 764, 624, 578, 977, 730, 563, 586, 817, 543, 827, 633, 590, 553, 624, 632, 786, 645, 654, 650, 582, 670, 582, 710, 650, 483, 539, 838, 567, 656, 572, 519, 927, 677, 495, 773, 870, 593, 846]
70
[578, 666, 720, 710, 478, 582, 467, 729, 705, 959, 519, 862, 714, 510, 754, 598, 594, 630, 730, 770, 740, 563, 552, 571, 596, 754, 552, 491, 537, 587, 759, 715, 584, 729, 899, 550, 510, 692, 575, 783, 787, 525, 772, 513, 592, 563, 579, 627, 726, 656, 507, 630, 503, 545, 597, 829, 566, 590, 620, 775, 595, 567, 711, 761, 563, 737, 754, 569, 753, 639, 655, 753, 1030, 626, 599, 646, 932, 671, 710, 682, 680, 573, 732, 823, 830, 653, 659, 720, 722, 740, 602, 652, 744, 544, 815, 719, 565, 773, 689, 559]
71
[610, 707, 700, 1155, 704, 551, 871, 668, 534, 447, 779, 750, 773, 643, 860, 603, 733, 793, 599, 501, 581, 518, 945, 496, 948, 691, 630, 843, 706, 731, 614, 806, 636, 615, 677, 591, 591, 574, 591, 646, 738, 869, 887, 532, 592, 714, 732, 760, 476, 519, 670, 527, 634, 748, 597, 713, 904, 697, 770, 642, 714, 751, 699, 882, 626, 542, 775, 594, 614, 586, 747, 924, 750, 648, 584, 667, 707, 774, 554, 604, 745, 786, 831, 620, 782, 610, 507, 661, 519, 529, 666, 681, 608, 990, 640, 607, 820, 519, 582, 936]
72
[757, 689, 849, 646, 548, 676, 575, 783, 526, 676, 789, 646, 495, 698, 574, 651, 839, 715, 698, 881, 833, 644, 605, 858, 801, 895, 682, 605, 554, 671, 803, 620, 631, 623, 650, 576, 782, 690, 660, 687, 724, 582, 762, 718, 676, 708, 497, 721, 696, 663, 967, 718, 582, 637, 657, 596, 893, 648, 592, 593, 698, 837, 795, 694, 735, 718, 794, 513, 632, 648, 1006, 564, 763, 533, 685, 448, 575, 748, 726, 580, 562, 721, 760, 741, 677, 689, 839, 665, 632, 636, 648, 574, 779, 689, 753, 841, 948, 621, 619, 686]
73
[772, 832, 1247, 702, 467, 726, 667, 470, 726, 618, 926, 657, 533, 869, 800, 618, 721, 713, 983, 687, 622, 566, 684, 523, 886, 583, 731, 761, 667, 677, 545, 767, 748, 726, 825, 618, 767, 581, 535, 575, 571, 635, 615, 913, 829, 478, 801, 682, 803, 631, 809, 564, 951, 911, 721, 532, 688, 632, 620, 562, 751, 769, 632, 880, 946, 634, 600, 689, 621, 673, 782, 802, 834, 469, 604, 754, 733, 577, 751, 731, 816, 728, 735, 504, 685, 617, 704, 797, 782, 689, 573, 864, 581, 765, 617, 646, 857, 464, 1059, 941]
74
[646, 755, 1121, 519, 780, 663, 1116, 673, 859, 680, 826, 709, 649, 776, 1101, 602, 881, 594, 977, 584, 631, 768, 914, 757, 634, 734, 895, 577, 850, 780, 643, 709, 611, 725, 806, 717, 732, 636, 675, 726, 762, 585, 549, 684, 808, 598, 530, 633, 671, 857, 892, 621, 516, 614, 641, 972, 729, 589, 617, 778, 672, 654, 523, 636, 611, 661, 679, 690, 562, 791, 764, 759, 595, 621, 656, 723, 761, 834, 734, 775, 894, 749, 710, 832, 773, 600, 875, 551, 775, 693, 639, 730, 647, 770, 670, 644, 601, 757, 877, 864]
75
[713, 737, 729, 689, 844, 786, 599, 632, 1260, 742, 875, 757, 688, 607, 584, 890, 850, 1070, 704, 717, 708, 899, 539, 772, 612, 839, 647, 859, 727, 675, 768, 483, 523, 740, 610, 663, 567, 615, 937, 1016, 603, 625, 866, 726, 787, 727, 623, 1176, 594, 1029, 531, 708, 823, 905, 968, 898, 762, 617, 625, 777, 760, 744, 773, 758, 764, 796, 822, 555, 892, 756, 572, 597, 565, 475, 516, 757, 847, 665, 607, 895, 691, 710, 566, 672, 947, 586, 669, 583, 775, 727, 657, 672, 564, 995, 655, 706, 667, 789, 724, 741]
76
[756, 606, 746, 899, 822, 925, 778, 760, 614, 558, 816, 944, 696, 784, 770, 659, 809, 704, 736, 660, 719, 727, 785, 678, 547, 861, 733, 598, 645, 517, 565, 816, 1104, 760, 887, 694, 631, 873, 628, 599, 567, 621, 639, 640, 577, 651, 785, 576, 967, 693, 713, 755, 868, 887, 698, 864, 760, 616, 721, 766, 608, 576, 902, 728, 712, 778, 747, 618, 807, 722, 555, 766, 824, 668, 1011, 640, 694, 686, 543, 768, 804, 488, 614, 585, 748, 854, 804, 846, 808, 727, 598, 847, 709, 834, 679, 798, 801, 679, 650, 650]
77
[739, 742, 626, 692, 671, 824, 574, 565, 992, 920, 604, 717, 1119, 715, 676, 666, 642, 770, 724, 734, 626, 667, 719, 704, 606, 654, 543, 974, 1204, 870, 816, 676, 691, 559, 693, 975, 897, 840, 805, 641, 728, 724, 938, 1106, 763, 700, 649, 703, 767, 749, 673, 593, 594, 702, 614, 604, 849, 821, 760, 659, 590, 517, 764, 596, 1062, 882, 1064, 902, 915, 709, 623, 944, 792, 722, 641, 642, 610, 639, 640, 853, 669, 744, 871, 650, 542, 1002, 660, 736, 644, 600, 676, 705, 931, 687, 793, 839, 726, 599, 660, 629]
78
[750, 757, 681, 841, 805, 577, 608, 645, 855, 516, 569, 643, 512, 933, 629, 952, 758, 735, 693, 818, 978, 867, 718, 728, 691, 676, 844, 836, 683, 732, 848, 865, 670, 636, 759, 1105, 896, 722, 843, 673, 639, 741, 966, 752, 579, 639, 878, 697, 788, 865, 904, 684, 619, 645, 695, 564, 784, 574, 766, 660, 712, 709, 847, 868, 581, 780, 597, 770, 829, 615, 580, 701, 660, 673, 899, 571, 703, 1004, 501, 739, 801, 598, 773, 744, 729, 1179, 863, 772, 735, 816, 727, 651, 658, 723, 670, 805, 735, 689, 827, 722]
79
[731, 839, 685, 824, 851, 760, 763, 651, 656, 783, 711, 714, 606, 882, 709, 693, 645, 691, 1065, 713, 721, 620, 1036, 990, 639, 765, 680, 633, 907, 769, 868, 576, 878, 781, 821, 846, 675, 750, 808, 694, 1064, 673, 886, 736, 708, 658, 678, 570, 851, 595, 743, 814, 867, 803, 994, 789, 994, 959, 668, 984, 673, 912, 981, 626, 742, 961, 1038, 750, 719, 634, 882, 842, 742, 718, 730, 697, 858, 723, 606, 799, 876, 857, 815, 687, 783, 1063, 983, 866, 714, 971, 756, 781, 588, 850, 1103, 720, 720, 878, 705, 705]
80
[750, 629, 1040, 1061, 945, 695, 576, 950, 728, 521, 595, 835, 981, 623, 812, 704, 808, 666, 630, 771, 663, 859, 735, 916, 606, 740, 741, 1102, 694, 1040, 795, 906, 892, 1100, 909, 740, 652, 845, 642, 1114, 1065, 585, 783, 906, 794, 678, 668, 710, 809, 778, 1046, 667, 915, 699, 612, 724, 831, 610, 921, 787, 937, 871, 832, 713, 649, 677, 776, 664, 551, 911, 786, 616, 811, 735, 696, 783, 602, 766, 767, 751, 769, 901, 870, 721, 900, 829, 806, 845, 930, 819, 936, 759, 1088, 785, 659, 864, 1282, 1027, 697, 825]
81
[935, 802, 833, 745, 698, 1307, 638, 782, 928, 913, 1001, 879, 659, 618, 763, 742, 558, 945, 754, 728, 685, 973, 878, 540, 675, 833, 721, 772, 743, 846, 738, 477, 795, 740, 1156, 1044, 827, 753, 890, 869, 792, 847, 720, 1023, 891, 668, 946, 953, 1126, 729, 941, 692, 780, 715, 757, 602, 821, 657, 727, 700, 911, 774, 1119, 890, 750, 791, 648, 822, 1061, 606, 878, 777, 606, 824, 755, 885, 813, 593, 661, 919, 715, 893, 756, 667, 712, 656, 943, 938, 783, 883, 657, 770, 654, 828, 868, 989, 795, 877, 702, 691]
82
[821, 820, 739, 745, 749, 702, 832, 1244, 806, 722, 1006, 664, 1044, 786, 633, 508, 680, 741, 704, 774, 794, 584, 745, 755, 733, 775, 870, 651, 807, 767, 794, 719, 776, 673, 799, 668, 643, 736, 741, 630, 884, 948, 620, 695, 1380, 929, 588, 847, 608, 1359, 1111, 837, 1042, 713, 770, 1265, 804, 1063, 917, 739, 681, 858, 857, 840, 593, 848, 1175, 710, 779, 771, 596, 874, 885, 793, 932, 908, 765, 792, 791, 769, 694, 1056, 655, 775, 754, 757, 678, 738, 704, 750, 748, 663, 775, 1042, 765, 731, 928, 1004, 1148, 911]
83
[825, 704, 659, 636, 829, 945, 799, 719, 694, 640, 652, 828, 1089, 543, 701, 644, 684, 816, 734, 996, 855, 669, 789, 918, 625, 524, 977, 715, 728, 788, 735, 875, 653, 822, 885, 692, 740, 949, 756, 776, 842, 939, 802, 719, 724, 1212, 838, 748, 822, 1074, 891, 539, 1016, 760, 988, 637, 623, 1048, 850, 858, 717, 772, 765, 573, 783, 579, 792, 637, 679, 941, 645, 734, 674, 809, 740, 843, 850, 816, 976, 780, 595, 788, 796, 866, 798, 877, 765, 547, 705, 709, 697, 762, 706, 1158, 882, 859, 792, 831, 899, 1165]
84
[633, 1083, 1017, 1132, 914, 939, 555, 982, 1080, 1034, 890, 824, 1097, 1105, 819, 884, 664, 886, 904, 630, 834, 773, 732, 917, 829, 616, 769, 990, 652, 805, 874, 785, 818, 657, 977, 666, 889, 728, 853, 669, 816, 918, 862, 744, 673, 893, 921, 571, 706, 827, 945, 679, 1017, 796, 801, 806, 976, 947, 708, 1201, 931, 792, 1009, 975, 830, 545, 986, 878, 858, 789, 657, 1115, 896, 857, 1072, 661, 685, 878, 697, 895, 845, 722, 775, 862, 1120, 767, 1057, 795, 714, 768, 856, 817, 722, 648, 899, 808, 1120, 774, 922, 861]
85
[888, 969, 647, 767, 868, 641, 654, 765, 868, 937, 831, 550, 642, 646, 727, 799, 883, 1061, 912, 792, 875, 995, 855, 920, 924, 774, 610, 802, 1004, 783, 745, 656, 807, 862, 705, 691, 679, 798, 639, 623, 1046, 798, 704, 967, 801, 821, 682, 858, 762, 826, 681, 831, 671, 666, 1334, 900, 600, 1056, 822, 622, 829, 1572, 776, 740, 1334, 941, 754, 748, 1031, 850, 802, 616, 723, 988, 1040, 894, 770, 942, 802, 854, 913, 990, 805, 847, 885, 852, 726, 921, 754, 802, 891, 845, 580, 1072, 775, 759, 717, 795, 748, 1104]
86
[1065, 916, 760, 950, 826, 697, 1127, 664, 778, 561, 894, 895, 725, 1091, 760, 891, 734, 739, 827, 833, 1027, 857, 705, 845, 1008, 1021, 986, 947, 1242, 1008, 883, 1157, 927, 855, 953, 849, 713, 921, 976, 753, 665, 1057, 688, 687, 1109, 903, 848, 705, 865, 874, 920, 914, 921, 684, 1262, 826, 835, 622, 1052, 590, 919, 1029, 753, 782, 783, 911, 819, 670, 845, 1218, 960, 770, 856, 763, 713, 861, 918, 945, 742, 860, 798, 725, 953, 880, 927, 552, 738, 840, 1109, 960, 767, 885, 655, 733, 832, 657, 1068, 622, 687, 827]
87
[852, 1070, 777, 903, 602, 877, 646, 860, 889, 852, 945, 1015, 1109, 763, 713, 769, 662, 537, 994, 746, 934, 739, 814, 744, 593, 665, 1084, 1104, 1222, 1055, 741, 813, 711, 572, 666, 952, 792, 752, 828, 640, 711, 1022, 970, 723, 834, 733, 960, 740, 654, 910, 781, 697, 1095, 978, 736, 1420, 895, 814, 995, 792, 910, 990, 670, 837, 780, 1048, 813, 1271, 933, 879, 963, 729, 756, 1049, 671, 732, 785, 792, 858, 1161, 808, 677, 804, 903, 972, 990, 784, 920, 893, 926, 967, 642, 738, 683, 752, 1103, 820, 790, 1054, 816]
88
[941, 831, 996, 739, 984, 832, 770, 785, 781, 621, 994, 554, 804, 1272, 867, 814, 907, 662, 901, 886, 893, 727, 643, 1013, 732, 774, 1103, 931, 993, 634, 745, 766, 831, 852, 716, 664, 1008, 901, 636, 713, 1052, 936, 992, 694, 798, 856, 945, 866, 938, 1101, 773, 779, 1051, 876, 779, 656, 832, 882, 723, 860, 768, 881, 1156, 889, 872, 524, 875, 839, 803, 745, 730, 906, 878, 709, 874, 845, 809, 685, 795, 1116, 935, 748, 1252, 955, 1166, 792, 674, 721, 1057, 752, 619, 1059, 705, 674, 950, 760, 803, 853, 995, 773]
89
[647, 1023, 1056, 974, 828, 875, 865, 977, 826, 972, 928, 787, 1276, 632, 784, 855, 1276, 1140, 849, 845, 1055, 787, 716, 948, 816, 1209, 690, 1017, 1557, 684, 753, 802, 776, 1180, 712, 672, 1119, 698, 873, 1205, 782, 1035, 926, 1179, 754, 674, 834, 917, 788, 939, 696, 741, 768, 837, 1013, 671, 743, 727, 828, 856, 709, 1118, 687, 1024, 858, 914, 733, 773, 853, 857, 1038, 852, 1075, 788, 1002, 852, 1253, 983, 1019, 919, 772, 1032, 841, 1082, 964, 716, 886, 1159, 745, 910, 760, 776, 614, 963, 815, 1028, 770, 976, 1078, 887]
90
[1046, 837, 941, 896, 684, 1023, 879, 1027, 1007, 982, 782, 1123, 730, 809, 867, 822, 744, 1121, 772, 917, 739, 781, 889, 1259, 932, 1047, 824, 815, 740, 766, 916, 732, 700, 1422, 961, 1274, 772, 1066, 687, 945, 665, 1025, 781, 826, 936, 738, 817, 597, 1054, 727, 806, 875, 1069, 764, 904, 1085, 992, 908, 666, 907, 810, 735, 725, 987, 1012, 840, 1103, 620, 1044, 750, 865, 1042, 836, 770, 907, 862, 941, 667, 816, 849, 1005, 820, 865, 957, 914, 1302, 1020, 763, 1186, 721, 1227, 734, 904, 761, 816, 698, 862, 924, 883, 717]
91
[899, 856, 870, 698, 921, 1085, 1120, 919, 895, 1270, 1064, 864, 923, 641, 1020, 851, 1257, 920, 899, 884, 1081, 713, 692, 1044, 735, 1124, 785, 1039, 1033, 771, 839, 921, 813, 946, 948, 727, 892, 869, 889, 714, 783, 730, 757, 702, 925, 1248, 875, 724, 916, 1141, 965, 878, 747, 763, 789, 994, 707, 1206, 1098, 1095, 929, 781, 1106, 801, 618, 973, 963, 1183, 809, 1050, 776, 811, 1087, 903, 805, 706, 918, 640, 788, 1117, 1192, 764, 822, 723, 783, 820, 643, 1041, 727, 1124, 1037, 927, 885, 763, 872, 731, 917, 817, 911, 747]
92
[895, 1056, 1062, 934, 976, 1193, 1065, 839, 1076, 1079, 893, 656, 1564, 990, 878, 840, 858, 702, 831, 806, 912, 804, 1022, 1163, 878, 1049, 873, 792, 1130, 1018, 913, 939, 1122, 797, 838, 796, 847, 801, 996, 835, 1024, 795, 1102, 755, 1074, 1069, 755, 751, 928, 967, 732, 640, 844, 856, 819, 923, 785, 1035, 1005, 740, 876, 950, 977, 837, 782, 804, 847, 669, 1137, 998, 819, 885, 1009, 1583, 804, 1291, 716, 922, 964, 1028, 813, 1148, 933, 754, 1096, 883, 868, 1010, 866, 869, 964, 972, 973, 853, 850, 875, 863, 819, 824, 1204]
93
[773, 1111, 876, 964, 1006, 936, 1036, 1025, 957, 1035, 814, 904, 986, 914, 1394, 745, 1200, 970, 789, 904, 1031, 965, 1160, 743, 840, 833, 854, 888, 868, 970, 1209, 999, 849, 937, 1016, 763, 826, 1003, 808, 897, 809, 854, 971, 1034, 909, 801, 1051, 769, 843, 985, 1250, 720, 837, 847, 1109, 781, 1166, 1086, 1042, 804, 1002, 877, 853, 1124, 1023, 1220, 1226, 817, 869, 1097, 784, 1054, 654, 868, 1216, 926, 1266, 830, 955, 1121, 938, 828, 835, 1268, 1061, 1084, 1340, 844, 1026, 940, 745, 996, 681, 992, 868, 930, 1077, 914, 796, 996]
94
[791, 777, 788, 872, 1012, 992, 1054, 894, 904, 875, 1127, 842, 776, 959, 1063, 863, 967, 840, 788, 848, 813, 963, 978, 967, 875, 1006, 716, 842, 940, 1006, 1062, 1303, 1077, 973, 749, 1129, 969, 1072, 1192, 1318, 814, 915, 873, 846, 1142, 1592, 974, 938, 1265, 924, 747, 944, 1007, 664, 868, 790, 867, 901, 1086, 805, 915, 1245, 1025, 912, 894, 878, 650, 821, 734, 1129, 921, 949, 950, 908, 1075, 884, 1049, 867, 1086, 827, 855, 1334, 798, 1320, 1299, 926, 998, 981, 916, 970, 1154, 752, 1027, 887, 814, 936, 1018, 969, 682, 918]
95
[896, 905, 975, 903, 1235, 727, 1104, 962, 1206, 863, 1032, 1056, 931, 1244, 1040, 799, 813, 1034, 1036, 899, 716, 683, 1297, 1051, 854, 754, 1106, 992, 1213, 1077, 723, 933, 825, 914, 1529, 1073, 989, 932, 714, 643, 1058, 875, 983, 978, 971, 1154, 1163, 771, 1295, 768, 884, 1128, 779, 1125, 938, 1181, 1128, 1008, 1113, 796, 1039, 1024, 821, 889, 1095, 1064, 1087, 722, 812, 946, 855, 1048, 1184, 996, 762, 903, 897, 964, 1272, 986, 924, 944, 1057, 933, 1091, 1119, 1032, 878, 972, 843, 1309, 1251, 886, 921, 981, 717, 780, 1285, 790, 986]
96
[918, 902, 984, 749, 862, 1157, 975, 1193, 845, 967, 1195, 857, 945, 1319, 1235, 907, 1389, 1120, 1045, 1205, 1244, 1162, 1286, 811, 1014, 941, 1007, 833, 1009, 815, 1038, 862, 985, 822, 792, 881, 1341, 1143, 1110, 1114, 1018, 870, 944, 943, 812, 858, 1137, 915, 1007, 1030, 824, 864, 811, 1072, 1067, 824, 860, 1069, 743, 946, 763, 865, 827, 1118, 951, 784, 1371, 677, 916, 781, 1121, 809, 1179, 899, 1036, 1354, 920, 1093, 723, 786, 1131, 832, 1152, 892, 836, 1015, 835, 882, 932, 751, 866, 848, 767, 1076, 770, 830, 697, 977, 1065, 1317]
97
[1091, 671, 893, 801, 824, 762, 868, 1096, 1077, 676, 1059, 1081, 900, 884, 893, 764, 718, 990, 1285, 1059, 833, 873, 1138, 816, 1110, 1221, 894, 851, 1056, 811, 856, 1414, 876, 823, 1038, 1523, 687, 1098, 851, 1427, 1521, 946, 1062, 821, 783, 1087, 806, 1172, 1790, 830, 1152, 748, 979, 755, 1411, 951, 1287, 956, 1209, 715, 1018, 1077, 885, 1075, 1076, 1011, 686, 794, 1124, 990, 737, 1171, 1183, 990, 1057, 1226, 956, 1000, 894, 928, 1249, 767, 1122, 780, 902, 872, 1005, 911, 990, 1093, 855, 998, 1029, 669, 794, 797, 962, 935, 940, 840]
98
[1074, 755, 785, 1044, 1133, 899, 1094, 1011, 852, 775, 783, 924, 1205, 1209, 1072, 1197, 1002, 848, 893, 1237, 1027, 907, 1064, 956, 1011, 1146, 1021, 920, 928, 1066, 825, 915, 823, 1080, 994, 1362, 875, 866, 806, 867, 957, 984, 869, 1017, 991, 1524, 956, 955, 965, 1000, 907, 979, 1532, 867, 895, 1178, 1198, 1135, 1132, 966, 804, 1385, 935, 1184, 847, 839, 1311, 902, 1014, 745, 919, 884, 923, 868, 908, 1083, 809, 970, 1272, 989, 905, 871, 1655, 1230, 713, 1103, 847, 1139, 882, 1024, 906, 936, 1229, 960, 949, 847, 1192, 738, 1301, 960]
99
[866, 996, 1133, 804, 1028, 975, 869, 1255, 1069, 1160, 979, 886, 1158, 1087, 1032, 890, 806, 900, 1457, 1102, 1468, 1159, 1246, 1050, 1004, 827, 839, 1022, 768, 859, 625, 783, 1033, 945, 863, 992, 806, 794, 882, 1006, 881, 1378, 1312, 1132, 973, 1280, 1373, 1063, 1498, 735, 987, 1278, 1085, 758, 680, 1048, 1441, 869, 988, 861, 925, 1065, 844, 938, 806, 992, 883, 977, 858, 946, 898, 991, 1195, 1039, 843, 1218, 1346, 888, 842, 1061, 1068, 981, 1570, 1321, 850, 1180, 1086, 926, 1002, 1041, 890, 864, 1118, 1148, 1137, 891, 949, 834, 1176, 1118]
100
[908, 917, 903, 1007, 1025, 1049, 917, 932, 1341, 1623, 932, 916, 1188, 1264, 946, 801, 1155, 991, 1067, 1161, 1136, 1130, 1045, 1072, 990, 1045, 955, 1134, 1225, 1024, 853, 1149, 1306, 1228, 1047, 813, 972, 1317, 773, 922, 1240, 983, 1050, 920, 737, 1008, 1240, 924, 1330, 767, 1007, 1100, 865, 1087, 883, 863, 962, 1373, 1153, 990, 987, 1138, 970, 886, 1373, 751, 930, 881, 1001, 877, 1132, 1038, 1314, 1039, 1026, 1084, 1124, 886, 1103, 874, 1111, 1191, 1447, 1008, 1149, 1116, 990, 1270, 1149, 931, 909, 1116, 893, 1329, 1072, 1324, 1280, 1219, 1225, 1057]
