0
[0, 0, 0, 0, 0, 0, 0, 0, 0, 0, 0, 0, 0, 0, 0, 0, 0, 0, 0, 0, 0, 0, 0, 0, 0, 0, 0, 0, 0, 0, 0, 0, 0, 0, 0, 0, 0, 0, 0, 0, 0, 0, 0, 0, 0, 0, 0, 0, 0, 0, 0, 0, 0, 0, 0, 0, 0, 0, 0, 0, 0, 0, 0, 0, 0, 0, 0, 0, 0, 0, 0, 0, 0, 0, 0, 0, 0, 0, 0, 0, 0, 0, 0, 0, 0, 0, 0, 0, 0, 0, 0, 0, 0, 0, 0, 0, 0, 0, 0, 0]
1
[0, 0, 0, 0, 0, 0, 0, 0, 0, 0, 0, 0, 0, 0, 0, 0, 0, 0, 0, 0, 0, 0, 0, 0, 0, 0, 0, 0, 0, 0, 0, 0, 0, 0, 0, 0, 0, 0, 0, 0, 0, 0, 0, 0, 0, 0, 0, 0, 0, 0, 0, 0, 0, 0, 0, 0, 0, 0, 0, 0, 0, 0, 0, 0, 0, 0, 0, 0, 0, 0, 0, 0, 0, 0, 0, 0, 0, 0, 0, 0, 0, 0, 0, 0, 0, 0, 0, 0, 0, 0, 0, 0, 0, 0, 0, 0, 0, 0, 0, 0]
2
[1, 1, 1, 1, 1, 1, 1, 1, 1, 1, 1, 1, 1, 1, 1, 1, 1, 1, 1, 1, 1, 1, 1, 1, 1, 1, 1, 1, 1, 1, 1, 1, 1, 1, 1, 1, 1, 1, 1, 1, 1, 1, 1, 1, 1, 1, 1, 1, 1, 1, 1, 1, 1, 1, 1, 1, 1, 1, 1, 1, 1, 1, 1, 1, 1, 1, 1, 1, 1, 1, 1, 1, 1, 1, 1, 1, 1, 1, 1, 1, 1, 1, 1, 1, 1, 1, 1, 1, 1, 1, 1, 1, 1, 1, 1, 1, 1, 1, 1, 1]
3
[3, 7, 5, 3, 4, 4, 5, 3, 5, 4, 3, 5, 5, 3, 4, 4, 3, 4, 3, 4, 3, 5, 6, 4, 3, 5, 3, 4, 3, 11, 3, 4, 3, 3, 4, 3, 8, 4, 3, 3, 5, 3, 3, 3, 3, 4, 3, 5, 3, 7, 3, 3, 4, 3, 3, 4, 5, 5, 3, 4, 3, 5, 3, 7, 3, 4, 4, 3, 3, 3, 3, 7, 3, 3, 7, 4, 3, 5, 3, 3, 7, 3, 3, 3, 3, 6, 3, 4, 6, 4, 3, 3, 7, 3, 4, 3, 5, 3, 4, 3]
4
[9, 10, 6, 10, 8, 5, 9, 6, 12, 10, 10, 6, 6, 8, 8, 10, 11, 6, 9, 13, 4, 7, 6, 7, 8, 7, 7, 13, 4, 10, 7, 7, 8, 7, 9, 7, 6, 7, 10, 6, 9, 7, 10, 16, 8, 5, 8, 6, 7, 6, 8, 6, 11, 7, 7, 5, 9, 5, 7, 6, 12, 6, 8, 8, 8, 8, 6, 6, 8, 14, 8, 5, 7, 4, 11, 6, 8, 8, 9, 8, 7, 5, 7, 9, 5, 10, 4, 6, 7, 6, 5, 8, 8, 5, 8, 8, 6, 8, 10, 8]
5
[11, 18, 16, 16, 11, 11, 11, 13, 11, 12, 10, 8, 16, 9, 10, 14, 14, 8, 12, 17, 14, 13, 12, 15, 15, 9, 12, 14, 9, 11, 8, 14, 14, 16, 11, 13, 13, 11, 13, 9, 9, 11, 9, 16, 11, 11, 15, 9, 14, 11, 9, 15, 10, 18, 11, 13, 14, 10, 13, 9, 12, 12, 12, 12, 14, 13, 11, 10, 13, 10, 11, 10, 13, 10, 12, 8, 9, 11, 9, 12, 11, 13, 9, 11, 6, 11, 8, 13, 16, 20, 10, 10, 15, 12, 12, 8, 15, 11, 10, 9]
6
[15, 19, 15, 14, 19, 16, 17, 18, 17, 15, 14, 15, 14, 15, 11, 15, 15, 13, 17, 19, 18, 13, 19, 15, 14, 15, 26, 18, 16, 13, 18, 19, 13, 13, 16, 10, 13, 15, 18, 14, 27, 12, 18, 20, 27, 18, 11, 12, 14, 18, 17, 10, 17, 16, 11, 16, 13, 15, 13, 12, 15, 13, 15, 23, 14, 21, 19, 16, 16, 12, 17, 13, 12, 16, 19, 13, 17, 12, 23, 13, 15, 17, 12, 18, 17, 15, 21, 13, 29, 18, 13, 14, 18, 13, 24, 26, 18, 13, 26, 11]
7
[26, 24, 19, 29, 26, 17, 16, 23, 48, 18, 28, 15, 18, 17, 19, 16, 18, 25, 18, 15, 25, 20, 19, 22, 31, 16, 22, 18, 25, 36, 18, 23, 23, 31, 19, 17, 21, 24, 18, 24, 17, 17, 17, 18, 33, 14, 30, 19, 27, 22, 25, 26, 23, 24, 24, 19, 19, 19, 22, 21, 17, 20, 12, 17, 13, 21, 20, 20, 23, 15, 12, 20, 18, 19, 23, 18, 23, 23, 27, 26, 20, 21, 18, 18, 18, 13, 18, 24, 18, 21, 17, 18, 23, 16, 27, 22, 17, 18, 19, 16]
8
[28, 33, 23, 23, 33, 18, 23, 24, 26, 23, 23, 29, 24, 28, 22, 33, 27, 22, 29, 37, 19, 21, 29, 28, 26, 25, 31, 25, 22, 19, 21, 24, 26, 25, 24, 26, 24, 29, 26, 40, 38, 26, 22, 17, 19, 23, 25, 20, 22, 20, 24, 25, 27, 17, 33, 29, 28, 30, 32, 19, 24, 29, 25, 18, 24, 33, 18, 36, 31, 26, 24, 28, 14, 24, 26, 20, 27, 33, 33, 25, 22, 30, 23, 45, 22, 20, 30, 22, 20, 20, 28, 28, 27, 29, 29, 21, 22, 24, 24, 38]
9
[29, 32, 28, 25, 26, 25, 26, 36, 30, 29, 33, 28, 41, 24, 25, 31, 22, 36, 29, 34, 29, 23, 32, 28, 33, 31, 32, 33, 28, 38, 37, 30, 38, 29, 24, 36, 29, 26, 26, 41, 26, 24, 36, 36, 33, 34, 27, 26, 22, 25, 28, 30, 37, 38, 22, 40, 30, 23, 41, 34, 21, 25, 32, 33, 26, 50, 28, 26, 34, 20, 25, 36, 26, 30, 26, 49, 26, 34, 49, 33, 23, 24, 34, 34, 24, 34, 31, 24, 40, 24, 25, 37, 28, 25, 21, 29, 34, 25, 29, 43]
10
[34, 50, 30, 38, 53, 44, 37, 28, 54, 30, 32, 35, 35, 31, 57, 43, 38, 24, 35, 47, 35, 34, 40, 44, 36, 34, 40, 31, 46, 31, 30, 32, 42, 31, 48, 40, 31, 31, 43, 40, 40, 38, 37, 45, 30, 46, 31, 35, 31, 54, 39, 44, 29, 51, 38, 32, 44, 50, 63, 44, 34, 44, 36, 31, 51, 48, 37, 25, 30, 32, 38, 43, 23, 30, 52, 39, 29, 33, 55, 40, 26, 32, 40, 38, 34, 54, 25, 34, 25, 49, 29, 45, 41, 29, 27, 41, 42, 34, 42, 34]
11
[47, 46, 39, 33, 38, 52, 47, 35, 37, 35, 49, 39, 27, 33, 50, 40, 38, 40, 36, 40, 34, 34, 57, 39, 47, 46, 35, 43, 42, 34, 52, 35, 25, 36, 41, 63, 50, 54, 43, 51, 38, 52, 30, 48, 49, 30, 30, 34, 24, 46, 52, 55, 42, 54, 41, 59, 47, 38, 46, 47, 48, 39, 38, 54, 43, 45, 38, 51, 38, 44, 42, 43, 41, 36, 32, 55, 49, 39, 36, 45, 35, 44, 48, 40, 46, 39, 34, 31, 50, 37, 36, 38, 41, 42, 59, 30, 50, 43, 53, 42]
12
[47, 41, 47, 36, 41, 43, 45, 49, 59, 43, 34, 44, 50, 50, 46, 38, 44, 44, 44, 49, 50, 50, 41, 51, 51, 50, 43, 53, 56, 42, 46, 59, 46, 62, 42, 38, 70, 46, 33, 50, 51, 47, 50, 38, 54, 39, 56, 29, 52, 80, 37, 44, 51, 37, 44, 38, 43, 40, 51, 51, 70, 36, 53, 43, 55, 51, 43, 44, 46, 57, 57, 42, 54, 39, 65, 53, 45, 50, 52, 39, 45, 44, 37, 64, 46, 44, 52, 45, 41, 60, 50, 53, 53, 63, 80, 63, 47, 47, 44, 56]
13
[62, 54, 56, 48, 66, 47, 53, 42, 60, 50, 46, 55, 78, 62, 68, 48, 63, 70, 58, 58, 51, 62, 57, 66, 43, 40, 52, 59, 50, 63, 51, 52, 53, 40, 52, 45, 57, 45, 64, 57, 49, 58, 48, 46, 65, 45, 47, 44, 52, 50, 78, 50, 52, 59, 40, 68, 54, 46, 64, 50, 70, 59, 50, 44, 46, 45, 59, 60, 63, 80, 62, 45, 49, 59, 54, 57, 59, 62, 50, 62, 54, 38, 72, 57, 56, 54, 68, 68, 36, 59, 33, 42, 47, 47, 64, 68, 53, 56, 53, 52]
14
[51, 56, 69, 76, 73, 78, 53, 48, 58, 61, 52, 63, 46, 69, 63, 75, 67, 69, 46, 79, 54, 86, 86, 76, 47, 56, 60, 56, 87, 75, 39, 61, 50, 51, 53, 60, 48, 59, 77, 37, 53, 50, 50, 67, 73, 60, 58, 56, 66, 49, 62, 80, 64, 65, 75, 91, 44, 54, 46, 50, 63, 73, 48, 55, 87, 50, 48, 61, 55, 53, 52, 51, 63, 75, 75, 53, 57, 49, 57, 76, 54, 57, 57, 57, 59, 56, 81, 61, 62, 42, 59, 53, 50, 33, 53, 48, 57, 73, 55, 63]
15
[62, 61, 60, 82, 75, 66, 75, 79, 75, 56, 79, 68, 71, 94, 66, 67, 55, 59, 90, 64, 63, 93, 59, 54, 66, 73, 64, 65, 54, 73, 68, 66, 81, 71, 60, 60, 69, 60, 67, 62, 53, 55, 82, 78, 57, 64, 90, 67, 68, 84, 56, 55, 71, 68, 73, 61, 57, 90, 87, 80, 111, 57, 56, 61, 64, 76, 66, 58, 62, 55, 59, 67, 47, 71, 60, 58, 58, 77, 66, 59, 73, 72, 84, 70, 70, 85, 66, 49, 71, 60, 58, 59, 68, 57, 69, 88, 80, 74, 61, 58]
16
[68, 77, 58, 77, 72, 70, 89, 87, 79, 67, 93, 63, 70, 62, 57, 71, 79, 68, 74, 63, 53, 63, 98, 63, 63, 63, 73, 51, 65, 56, 69, 69, 69, 77, 99, 67, 85, 64, 68, 81, 55, 69, 104, 61, 49, 55, 66, 79, 62, 84, 64, 75, 68, 81, 60, 84, 66, 91, 68, 59, 79, 71, 91, 105, 57, 82, 86, 93, 53, 66, 60, 70, 69, 74, 62, 73, 58, 68, 67, 78, 56, 59, 65, 82, 100, 78, 104, 77, 90, 50, 73, 64, 73, 65, 56, 65, 73, 65, 54, 69]
17
[86, 70, 86, 70, 95, 81, 56, 104, 77, 70, 70, 85, 86, 93, 85, 71, 83, 72, 62, 87, 67, 92, 68, 90, 116, 74, 86, 58, 75, 72, 66, 106, 88, 68, 66, 84, 105, 70, 77, 79, 76, 92, 94, 124, 68, 73, 81, 76, 86, 67, 66, 64, 107, 72, 75, 74, 73, 56, 62, 74, 71, 80, 103, 63, 73, 97, 99, 72, 73, 72, 74, 88, 80, 91, 141, 78, 94, 72, 65, 66, 69, 91, 72, 78, 78, 74, 72, 83, 99, 75, 66, 68, 67, 60, 77, 73, 69, 91, 97, 75]
18
[73, 112, 71, 74, 93, 109, 100, 70, 79, 87, 109, 90, 95, 68, 70, 89, 64, 72, 108, 78, 96, 87, 59, 60, 84, 91, 83, 95, 73, 67, 78, 93, 73, 60, 102, 71, 70, 86, 130, 87, 81, 91, 103, 81, 82, 69, 71, 69, 100, 108, 65, 100, 105, 92, 128, 72, 81, 100, 95, 112, 129, 63, 94, 89, 77, 115, 87, 77, 73, 79, 87, 66, 89, 75, 80, 65, 76, 95, 71, 101, 79, 72, 80, 70, 115, 74, 66, 71, 91, 68, 69, 77, 64, 65, 59, 85, 71, 100, 106, 87]
19
[82, 119, 84, 103, 137, 102, 99, 110, 108, 110, 111, 88, 93, 100, 113, 110, 92, 101, 102, 92, 137, 94, 99, 87, 92, 71, 94, 91, 97, 99, 96, 75, 114, 85, 113, 83, 82, 107, 136, 100, 99, 107, 77, 90, 94, 83, 91, 104, 74, 85, 87, 71, 89, 88, 105, 132, 81, 79, 81, 100, 78, 83, 98, 103, 88, 86, 126, 102, 75, 74, 78, 129, 90, 104, 85, 79, 76, 66, 80, 106, 88, 80, 95, 82, 94, 78, 64, 93, 84, 75, 91, 86, 90, 71, 103, 115, 122, 98, 68, 116]
20
[72, 83, 106, 86, 83, 113, 102, 82, 83, 92, 129, 91, 73, 95, 109, 91, 77, 80, 103, 84, 139, 81, 99, 87, 73, 100, 105, 107, 119, 81, 106, 95, 110, 86, 150, 79, 116, 120, 102, 81, 106, 104, 117, 92, 93, 90, 100, 111, 94, 122, 86, 72, 117, 102, 106, 89, 99, 100, 78, 80, 143, 109, 75, 103, 131, 93, 103, 90, 93, 71, 113, 130, 85, 78, 87, 82, 88, 96, 90, 78, 109, 92, 85, 88, 130, 123, 108, 108, 77, 74, 89, 111, 94, 121, 92, 126, 166, 107, 83, 90]
21
[103, 82, 113, 87, 109, 93, 84, 103, 121, 107, 107, 105, 99, 88, 167, 119, 101, 135, 94, 113, 100, 142, 128, 100, 88, 100, 86, 105, 96, 148, 91, 102, 89, 127, 99, 83, 97, 121, 73, 120, 112, 93, 77, 112, 107, 139, 94, 95, 93, 106, 123, 102, 113, 97, 129, 119, 91, 89, 88, 90, 126, 100, 104, 93, 106, 134, 101, 104, 103, 109, 95, 94, 119, 110, 117, 124, 125, 89, 114, 91, 89, 101, 93, 121, 94, 91, 99, 114, 109, 83, 83, 99, 92, 122, 81, 109, 91, 93, 100, 105]
22
[141, 131, 114, 126, 114, 122, 110, 102, 119, 116, 142, 98, 105, 96, 111, 133, 107, 100, 106, 87, 98, 108, 110, 112, 99, 120, 106, 101, 111, 131, 144, 109, 109, 130, 130, 138, 93, 98, 131, 116, 121, 96, 103, 98, 151, 107, 154, 106, 125, 111, 98, 165, 98, 130, 88, 98, 112, 114, 116, 131, 84, 88, 143, 106, 97, 89, 125, 104, 88, 129, 124, 118, 126, 102, 100, 138, 107, 126, 96, 122, 98, 79, 131, 114, 113, 123, 118, 106, 93, 97, 119, 92, 119, 105, 96, 116, 105, 77, 159, 96]
23
[119, 86, 91, 122, 128, 124, 110, 133, 118, 118, 105, 101, 115, 101, 120, 145, 93, 114, 122, 108, 113, 102, 100, 119, 100, 130, 102, 149, 102, 130, 135, 70, 105, 137, 117, 135, 93, 109, 126, 94, 154, 150, 127, 125, 114, 135, 161, 116, 83, 116, 178, 102, 136, 113, 158, 105, 114, 113, 127, 110, 111, 108, 124, 130, 122, 110, 104, 132, 120, 108, 115, 120, 140, 102, 101, 115, 127, 89, 114, 111, 155, 159, 116, 111, 97, 138, 153, 120, 133, 103, 157, 112, 153, 114, 137, 119, 104, 138, 127, 109]
24
[102, 137, 100, 93, 120, 128, 179, 141, 146, 122, 127, 161, 158, 135, 111, 121, 120, 119, 100, 117, 177, 118, 115, 137, 105, 106, 112, 129, 94, 115, 115, 137, 130, 139, 105, 130, 111, 99, 91, 110, 108, 142, 143, 159, 101, 129, 121, 105, 118, 94, 133, 97, 124, 118, 133, 130, 109, 131, 123, 104, 147, 145, 170, 140, 104, 106, 130, 125, 126, 130, 121, 99, 110, 136, 129, 147, 142, 193, 119, 136, 122, 101, 134, 102, 139, 105, 134, 124, 109, 105, 138, 127, 126, 132, 157, 115, 107, 123, 181, 131]
25
[103, 132, 128, 104, 120, 114, 121, 113, 139, 100, 142, 114, 139, 169, 147, 112, 93, 122, 137, 124, 135, 161, 137, 142, 138, 149, 110, 120, 146, 106, 144, 149, 164, 131, 143, 111, 136, 106, 144, 113, 122, 133, 102, 122, 117, 115, 154, 128, 143, 122, 126, 147, 132, 137, 133, 114, 161, 149, 153, 182, 122, 153, 143, 113, 91, 137, 146, 133, 160, 114, 134, 139, 142, 173, 123, 135, 132, 172, 154, 107, 170, 134, 207, 105, 119, 108, 134, 117, 148, 128, 170, 123, 126, 114, 130, 111, 142, 98, 104, 114]
26
[112, 116, 139, 157, 163, 136, 115, 151, 158, 123, 120, 150, 142, 190, 124, 164, 147, 136, 147, 158, 113, 123, 197, 161, 131, 123, 125, 116, 174, 152, 128, 110, 181, 132, 136, 115, 124, 106, 128, 118, 198, 134, 159, 150, 137, 144, 104, 124, 148, 166, 136, 122, 121, 147, 159, 138, 122, 133, 168, 130, 114, 118, 175, 129, 152, 142, 110, 129, 187, 154, 154, 110, 132, 172, 105, 122, 139, 159, 128, 179, 134, 170, 154, 114, 172, 127, 154, 119, 146, 152, 113, 137, 165, 149, 126, 135, 122, 146, 166, 143]
27
[126, 109, 139, 167, 121, 147, 135, 131, 172, 211, 131, 112, 116, 220, 134, 131, 118, 175, 134, 153, 116, 119, 138, 161, 122, 108, 158, 154, 130, 167, 149, 152, 178, 144, 185, 158, 147, 181, 139, 170, 140, 141, 170, 166, 136, 134, 110, 136, 137, 125, 146, 179, 154, 126, 137, 126, 121, 168, 128, 129, 162, 135, 173, 123, 189, 157, 117, 119, 169, 130, 161, 159, 134, 150, 158, 152, 162, 175, 109, 137, 125, 136, 157, 119, 131, 145, 147, 123, 132, 144, 175, 157, 139, 168, 167, 148, 134, 142, 166, 105]
28
[167, 123, 140, 177, 171, 190, 121, 157, 159, 164, 112, 124, 167, 134, 160, 133, 145, 121, 189, 139, 114, 143, 143, 192, 181, 154, 150, 180, 143, 182, 143, 138, 218, 136, 145, 149, 177, 137, 161, 166, 181, 176, 164, 129, 203, 151, 137, 132, 133, 206, 158, 130, 202, 153, 142, 164, 223, 156, 158, 142, 131, 176, 142, 158, 179, 132, 135, 145, 147, 173, 167, 171, 151, 160, 189, 128, 133, 171, 142, 215, 177, 151, 147, 166, 145, 158, 166, 127, 114, 144, 149, 162, 144, 136, 126, 156, 215, 159, 155, 203]
29
[158, 182, 154, 159, 184, 163, 203, 173, 130, 162, 163, 153, 196, 176, 155, 124, 153, 115, 197, 188, 148, 152, 140, 179, 136, 189, 196, 156, 124, 145, 162, 142, 141, 193, 186, 139, 189, 178, 128, 155, 150, 128, 157, 167, 150, 167, 158, 139, 159, 185, 133, 140, 167, 185, 134, 152, 163, 159, 159, 172, 154, 155, 142, 144, 180, 175, 182, 131, 128, 176, 178, 160, 259, 180, 143, 153, 159, 151, 222, 134, 213, 157, 188, 164, 141, 172, 122, 171, 182, 160, 162, 121, 120, 149, 135, 180, 154, 153, 163, 159]
30
[173, 169, 152, 199, 127, 232, 168, 178, 176, 156, 234, 210, 140, 176, 152, 141, 162, 185, 174, 181, 173, 179, 162, 146, 132, 138, 192, 155, 156, 214, 181, 164, 186, 112, 147, 145, 133, 164, 161, 198, 154, 194, 135, 139, 155, 139, 156, 159, 152, 162, 172, 144, 194, 166, 246, 131, 179, 145, 152, 150, 149, 189, 148, 180, 141, 140, 169, 161, 165, 198, 139, 167, 155, 158, 138, 177, 156, 140, 149, 203, 126, 149, 169, 193, 194, 130, 163, 182, 145, 156, 166, 154, 190, 182, 133, 153, 177, 165, 149, 221]
31
[171, 152, 160, 163, 213, 198, 199, 188, 178, 191, 189, 156, 220, 133, 185, 165, 141, 192, 144, 257, 207, 173, 241, 154, 153, 195, 158, 174, 152, 181, 164, 179, 198, 171, 210, 198, 206, 170, 133, 212, 180, 186, 154, 168, 152, 182, 170, 136, 171, 195, 192, 158, 140, 172, 161, 167, 206, 158, 203, 241, 180, 204, 191, 147, 274, 178, 147, 173, 155, 243, 168, 166, 196, 141, 143, 168, 176, 157, 133, 161, 143, 176, 169, 172, 150, 159, 189, 161, 174, 171, 180, 162, 208, 195, 220, 177, 146, 193, 173, 162]
32
[167, 238, 181, 173, 202, 167, 175, 216, 192, 159, 186, 161, 181, 162, 194, 148, 206, 166, 153, 157, 214, 210, 190, 176, 154, 198, 143, 219, 166, 207, 207, 169, 176, 203, 166, 217, 154, 167, 204, 206, 193, 183, 197, 179, 261, 186, 189, 171, 165, 186, 225, 291, 170, 209, 183, 151, 211, 135, 166, 172, 164, 169, 158, 196, 183, 190, 177, 224, 174, 173, 192, 257, 160, 164, 144, 172, 154, 179, 267, 198, 173, 138, 190, 157, 229, 177, 242, 195, 146, 207, 198, 207, 188, 154, 175, 186, 177, 170, 175, 182]
33
[187, 190, 169, 160, 191, 156, 190, 192, 166, 176, 194, 185, 156, 152, 160, 190, 158, 188, 163, 183, 225, 180, 146, 216, 178, 195, 136, 210, 188, 190, 187, 182, 181, 204, 159, 173, 188, 195, 177, 164, 181, 151, 195, 182, 171, 161, 160, 182, 161, 207, 185, 232, 172, 179, 153, 235, 203, 156, 235, 172, 161, 175, 194, 197, 226, 155, 169, 193, 135, 168, 176, 229, 241, 233, 214, 162, 185, 196, 196, 198, 199, 200, 140, 191, 178, 264, 167, 142, 245, 229, 160, 151, 160, 168, 154, 240, 174, 188, 173, 157]
34
[279, 177, 201, 190, 146, 231, 220, 185, 182, 195, 193, 168, 209, 186, 215, 168, 158, 195, 212, 185, 185, 238, 217, 177, 196, 189, 168, 190, 179, 277, 201, 179, 183, 181, 161, 177, 205, 164, 187, 207, 209, 181, 193, 164, 166, 196, 189, 245, 189, 177, 220, 187, 228, 216, 251, 210, 181, 168, 268, 181, 226, 193, 188, 186, 202, 240, 167, 191, 220, 182, 211, 174, 199, 210, 296, 196, 219, 215, 192, 208, 171, 229, 162, 172, 202, 179, 202, 186, 172, 239, 171, 200, 274, 262, 216, 202, 187, 155, 169, 171]
35
[208, 285, 228, 211, 184, 180, 195, 236, 217, 182, 224, 226, 186, 207, 201, 223, 223, 157, 244, 219, 155, 177, 341, 237, 190, 199, 176, 195, 195, 189, 194, 189, 175, 184, 167, 161, 192, 221, 225, 233, 158, 207, 242, 222, 183, 276, 232, 214, 185, 169, 208, 206, 230, 191, 178, 240, 184, 207, 211, 201, 207, 200, 185, 210, 193, 369, 200, 156, 211, 194, 204, 217, 163, 234, 179, 212, 191, 231, 203, 251, 211, 162, 209, 214, 231, 194, 167, 207, 215, 241, 235, 167, 227, 216, 196, 241, 234, 235, 231, 187]
36
[209, 188, 188, 201, 224, 228, 191, 190, 241, 170, 191, 162, 194, 159, 184, 223, 216, 177, 222, 199, 218, 227, 204, 245, 266, 208, 221, 212, 244, 246, 201, 233, 239, 182, 177, 199, 227, 220, 310, 213, 193, 181, 195, 173, 199, 207, 191, 230, 208, 236, 188, 187, 236, 186, 181, 213, 246, 248, 193, 259, 236, 197, 196, 198, 205, 200, 241, 176, 193, 197, 182, 250, 215, 194, 226, 252, 320, 234, 192, 176, 165, 172, 291, 221, 193, 238, 166, 214, 201, 190, 205, 232, 205, 212, 213, 241, 220, 209, 269, 265]
37
[241, 195, 222, 212, 215, 241, 206, 236, 203, 236, 192, 182, 203, 192, 223, 256, 173, 200, 185, 208, 194, 184, 215, 187, 208, 216, 297, 202, 193, 235, 189, 199, 217, 264, 198, 217, 227, 223, 223, 202, 233, 190, 248, 238, 192, 213, 246, 208, 177, 193, 206, 185, 238, 222, 215, 180, 242, 205, 214, 193, 284, 234, 195, 233, 241, 217, 232, 249, 221, 195, 213, 194, 221, 242, 231, 237, 194, 283, 178, 194, 232, 248, 271, 202, 262, 222, 244, 208, 226, 223, 208, 203, 207, 191, 213, 236, 280, 185, 256, 238]
38
[293, 204, 227, 307, 183, 216, 272, 265, 203, 185, 277, 232, 246, 187, 232, 297, 189, 231, 277, 193, 198, 213, 207, 219, 247, 217, 223, 216, 244, 257, 194, 193, 193, 246, 212, 195, 222, 223, 198, 196, 243, 238, 219, 231, 199, 222, 210, 224, 196, 197, 219, 258, 195, 203, 213, 201, 194, 177, 202, 244, 193, 267, 228, 286, 332, 212, 203, 222, 206, 203, 191, 261, 239, 208, 258, 231, 314, 207, 238, 224, 218, 235, 245, 175, 237, 196, 228, 213, 324, 207, 214, 222, 203, 212, 234, 252, 217, 291, 207, 269]
39
[220, 193, 213, 220, 270, 255, 216, 231, 221, 281, 233, 217, 205, 240, 224, 227, 227, 201, 273, 221, 203, 214, 240, 223, 270, 224, 204, 257, 232, 224, 300, 224, 251, 248, 187, 244, 222, 194, 186, 200, 243, 234, 177, 202, 201, 284, 291, 237, 197, 202, 239, 226, 217, 231, 239, 254, 206, 241, 264, 192, 217, 241, 235, 213, 200, 219, 211, 236, 238, 214, 207, 224, 219, 232, 255, 227, 218, 209, 247, 262, 218, 228, 235, 275, 193, 241, 212, 224, 214, 200, 260, 216, 234, 230, 269, 174, 217, 225, 235, 206]
40
[279, 270, 235, 339, 242, 238, 216, 268, 220, 223, 240, 244, 221, 226, 260, 272, 223, 240, 257, 270, 230, 279, 255, 274, 242, 198, 264, 272, 237, 260, 216, 243, 211, 229, 235, 257, 230, 218, 228, 227, 246, 224, 249, 226, 198, 239, 221, 248, 211, 250, 261, 215, 260, 212, 224, 200, 293, 212, 216, 265, 298, 225, 252, 254, 251, 209, 260, 249, 268, 266, 244, 263, 213, 201, 235, 220, 259, 236, 213, 269, 214, 249, 238, 240, 207, 210, 222, 209, 278, 192, 217, 199, 220, 305, 336, 188, 238, 266, 275, 224]
41
[184, 249, 259, 276, 250, 227, 336, 295, 247, 227, 214, 240, 284, 206, 267, 329, 223, 275, 277, 210, 229, 242, 234, 247, 239, 242, 200, 206, 273, 231, 273, 210, 304, 226, 207, 261, 261, 336, 267, 211, 212, 257, 225, 232, 256, 334, 219, 263, 261, 267, 208, 201, 195, 302, 211, 276, 258, 236, 285, 261, 257, 241, 260, 265, 259, 264, 262, 215, 241, 340, 267, 222, 362, 268, 214, 238, 237, 218, 255, 180, 254, 243, 199, 272, 319, 228, 276, 230, 224, 216, 269, 272, 199, 208, 227, 273, 286, 286, 197, 272]
42
[235, 286, 246, 342, 260, 279, 290, 279, 262, 298, 267, 271, 309, 231, 219, 243, 248, 237, 253, 253, 238, 205, 322, 255, 206, 253, 248, 212, 292, 241, 282, 318, 231, 284, 315, 221, 276, 279, 223, 237, 269, 345, 223, 224, 231, 269, 195, 201, 203, 219, 270, 250, 219, 255, 257, 233, 300, 256, 267, 297, 243, 254, 278, 280, 287, 272, 368, 257, 204, 397, 252, 235, 218, 293, 285, 272, 250, 253, 270, 194, 259, 248, 292, 265, 221, 249, 181, 300, 296, 200, 254, 318, 244, 238, 240, 345, 280, 285, 261, 246]
43
[235, 301, 288, 220, 257, 309, 220, 208, 284, 293, 232, 215, 292, 295, 254, 333, 415, 246, 274, 208, 328, 246, 324, 290, 251, 281, 250, 270, 252, 307, 244, 267, 263, 286, 310, 240, 340, 288, 247, 254, 261, 310, 271, 262, 358, 229, 271, 259, 309, 235, 218, 265, 242, 271, 225, 253, 299, 270, 296, 228, 296, 245, 242, 241, 228, 231, 276, 285, 257, 263, 291, 239, 323, 257, 236, 257, 288, 345, 252, 290, 221, 302, 217, 209, 221, 319, 294, 282, 261, 280, 320, 298, 294, 257, 284, 306, 278, 252, 250, 268]
44
[286, 224, 302, 275, 276, 217, 301, 264, 259, 275, 321, 262, 222, 281, 276, 238, 299, 233, 283, 256, 266, 290, 387, 260, 253, 250, 280, 293, 291, 319, 342, 266, 226, 293, 328, 333, 376, 207, 300, 273, 278, 382, 464, 280, 220, 257, 306, 271, 225, 284, 280, 307, 289, 261, 238, 267, 241, 240, 274, 263, 265, 286, 276, 383, 281, 277, 287, 260, 279, 260, 288, 288, 276, 271, 279, 324, 325, 229, 235, 316, 250, 234, 252, 238, 251, 251, 252, 298, 269, 303, 247, 280, 285, 257, 268, 246, 235, 279, 245, 286]
45
[223, 225, 289, 248, 257, 254, 254, 318, 213, 282, 303, 238, 394, 245, 224, 290, 277, 272, 286, 256, 339, 261, 282, 269, 295, 249, 317, 222, 238, 345, 292, 303, 288, 278, 279, 254, 286, 322, 295, 309, 302, 286, 296, 302, 270, 259, 322, 281, 300, 236, 318, 241, 237, 234, 345, 291, 334, 343, 262, 271, 288, 358, 304, 252, 340, 246, 249, 272, 230, 248, 303, 280, 330, 335, 292, 287, 274, 257, 247, 220, 236, 250, 266, 263, 295, 378, 366, 274, 286, 251, 254, 284, 293, 271, 312, 252, 279, 281, 289, 275]
46
[309, 355, 300, 279, 276, 281, 337, 260, 268, 235, 430, 283, 310, 337, 286, 302, 312, 243, 294, 260, 269, 301, 336, 252, 299, 332, 301, 339, 323, 265, 308, 311, 291, 344, 310, 346, 244, 291, 285, 295, 264, 275, 333, 279, 253, 278, 264, 265, 273, 268, 286, 308, 253, 265, 295, 266, 265, 316, 256, 239, 201, 295, 219, 288, 274, 281, 352, 328, 300, 279, 330, 308, 247, 293, 256, 263, 334, 325, 268, 277, 270, 292, 265, 264, 266, 336, 339, 281, 284, 300, 377, 218, 346, 292, 316, 307, 266, 255, 238, 272]
47
[334, 296, 300, 301, 272, 252, 325, 256, 283, 241, 335, 264, 291, 264, 252, 215, 345, 346, 272, 313, 294, 283, 285, 301, 327, 305, 335, 268, 293, 313, 329, 301, 368, 311, 277, 248, 320, 296, 312, 251, 301, 296, 301, 349, 252, 377, 247, 363, 232, 260, 257, 282, 315, 348, 316, 286, 336, 356, 297, 244, 343, 319, 308, 304, 371, 359, 303, 253, 250, 288, 269, 262, 279, 319, 283, 274, 258, 289, 257, 338, 327, 256, 263, 290, 273, 297, 275, 317, 309, 320, 279, 257, 266, 251, 290, 267, 359, 340, 321, 310]
48
[326, 334, 242, 305, 291, 290, 261, 286, 390, 277, 268, 311, 267, 301, 327, 310, 291, 347, 297, 268, 330, 310, 294, 367, 254, 259, 302, 276, 304, 372, 274, 373, 280, 276, 339, 309, 271, 321, 291, 332, 366, 351, 352, 304, 268, 311, 358, 274, 254, 265, 268, 316, 306, 277, 279, 324, 302, 258, 278, 329, 283, 307, 309, 273, 289, 329, 361, 267, 274, 365, 344, 256, 273, 291, 344, 284, 276, 277, 249, 291, 305, 334, 246, 328, 347, 314, 269, 322, 326, 331, 299, 285, 298, 270, 259, 331, 286, 330, 303, 255]
49
[271, 312, 244, 349, 299, 263, 316, 305, 290, 324, 337, 350, 328, 373, 372, 363, 301, 311, 382, 254, 276, 328, 283, 279, 297, 275, 295, 359, 344, 304, 334, 305, 301, 318, 273, 291, 331, 282, 276, 381, 282, 304, 254, 304, 339, 347, 291, 309, 314, 285, 318, 394, 334, 357, 327, 333, 326, 280, 320, 412, 267, 269, 309, 291, 261, 314, 353, 332, 268, 321, 289, 502, 271, 299, 302, 314, 298, 319, 267, 298, 282, 300, 475, 255, 333, 345, 281, 327, 258, 331, 280, 254, 311, 347, 324, 273, 287, 271, 368, 321]
50
[381, 322, 252, 345, 322, 287, 322, 283, 339, 315, 256, 310, 312, 351, 327, 343, 293, 330, 299, 286, 279, 313, 298, 303, 333, 293, 291, 393, 305, 278, 372, 392, 372, 309, 320, 271, 280, 279, 337, 322, 307, 329, 303, 363, 299, 338, 301, 335, 240, 341, 317, 316, 370, 429, 320, 297, 281, 370, 282, 336, 317, 308, 371, 268, 270, 354, 318, 289, 381, 361, 293, 308, 257, 281, 354, 295, 306, 334, 324, 360, 313, 314, 412, 286, 307, 269, 282, 298, 296, 256, 296, 320, 344, 434, 363, 340, 308, 314, 327, 381]
51
[297, 296, 289, 354, 281, 319, 393, 292, 294, 265, 312, 333, 377, 298, 361, 371, 359, 274, 268, 302, 384, 348, 288, 287, 264, 337, 359, 320, 313, 300, 276, 292, 324, 278, 348, 434, 348, 370, 350, 283, 403, 320, 378, 369, 380, 284, 343, 289, 328, 307, 375, 294, 379, 330, 286, 334, 308, 381, 301, 359, 332, 327, 319, 287, 315, 292, 277, 320, 313, 306, 355, 296, 320, 293, 282, 294, 279, 292, 315, 302, 270, 311, 297, 384, 322, 363, 414, 262, 301, 372, 332, 393, 294, 288, 337, 300, 366, 315, 406, 330]
52
[321, 396, 358, 295, 331, 270, 388, 314, 281, 377, 355, 309, 362, 286, 410, 311, 366, 337, 309, 399, 327, 365, 337, 391, 349, 320, 340, 331, 363, 379, 379, 320, 315, 321, 332, 314, 384, 323, 357, 306, 348, 313, 369, 362, 391, 273, 389, 335, 292, 300, 372, 440, 314, 317, 391, 290, 406, 293, 309, 290, 287, 358, 291, 333, 343, 299, 309, 349, 360, 286, 365, 300, 295, 388, 341, 347, 341, 303, 314, 319, 329, 298, 310, 298, 300, 309, 355, 351, 282, 326, 361, 315, 379, 308, 479, 336, 321, 338, 326, 302]
53
[430, 353, 415, 352, 341, 258, 393, 351, 341, 334, 298, 297, 334, 414, 343, 377, 359, 259, 344, 331, 342, 389, 370, 358, 301, 340, 464, 298, 302, 365, 391, 351, 348, 360, 315, 350, 320, 377, 403, 284, 352, 403, 340, 300, 289, 339, 354, 292, 335, 337, 324, 389, 276, 339, 312, 314, 366, 340, 403, 377, 355, 364, 360, 389, 302, 362, 356, 333, 372, 425, 304, 375, 392, 380, 341, 368, 364, 320, 375, 424, 306, 369, 372, 350, 357, 433, 436, 321, 328, 320, 382, 328, 326, 316, 282, 351, 359, 335, 377, 394]
54
[294, 287, 296, 375, 368, 408, 342, 364, 322, 344, 351, 373, 345, 306, 323, 307, 339, 338, 321, 406, 365, 372, 321, 311, 311, 346, 321, 281, 299, 329, 465, 270, 268, 352, 327, 305, 416, 405, 437, 293, 273, 336, 453, 265, 280, 345, 291, 324, 380, 404, 387, 346, 352, 394, 343, 288, 340, 359, 365, 357, 338, 399, 319, 308, 372, 379, 393, 357, 432, 454, 323, 353, 312, 375, 369, 316, 296, 422, 322, 318, 349, 313, 340, 369, 305, 413, 383, 388, 310, 282, 361, 293, 343, 362, 278, 376, 312, 271, 332, 343]
55
[397, 463, 342, 453, 450, 315, 322, 420, 337, 363, 336, 338, 364, 335, 434, 379, 329, 360, 358, 359, 424, 278, 390, 455, 327, 372, 379, 368, 393, 356, 414, 340, 419, 398, 381, 339, 388, 312, 527, 278, 290, 340, 309, 303, 372, 355, 520, 400, 307, 371, 357, 361, 309, 323, 342, 345, 315, 371, 315, 343, 327, 305, 344, 393, 305, 329, 309, 329, 347, 362, 377, 409, 390, 392, 337, 411, 314, 322, 350, 312, 299, 268, 376, 446, 484, 355, 321, 343, 453, 361, 403, 309, 434, 382, 351, 405, 302, 391, 373, 382]
56
[379, 295, 386, 415, 322, 397, 346, 367, 432, 467, 322, 367, 362, 374, 360, 346, 347, 391, 365, 389, 337, 382, 390, 346, 391, 337, 344, 340, 384, 346, 397, 357, 322, 273, 395, 295, 381, 352, 517, 346, 400, 304, 475, 347, 381, 353, 333, 372, 359, 341, 337, 372, 416, 390, 349, 366, 258, 362, 364, 386, 429, 357, 394, 435, 457, 406, 335, 434, 341, 388, 364, 303, 391, 329, 431, 502, 393, 360, 340, 391, 452, 439, 458, 363, 385, 482, 372, 373, 422, 325, 336, 314, 348, 377, 351, 507, 347, 355, 373, 389]
57
[319, 319, 330, 365, 327, 329, 378, 339, 343, 343, 349, 325, 283, 293, 363, 362, 375, 367, 338, 353, 399, 364, 349, 445, 369, 447, 408, 342, 479, 342, 377, 597, 411, 376, 411, 376, 316, 427, 426, 369, 386, 358, 403, 365, 408, 354, 351, 411, 361, 361, 332, 381, 499, 330, 406, 368, 374, 467, 339, 387, 332, 421, 313, 383, 437, 356, 340, 387, 388, 415, 383, 384, 381, 421, 385, 496, 460, 333, 375, 376, 471, 413, 373, 366, 487, 337, 355, 322, 332, 313, 370, 394, 357, 372, 412, 391, 373, 405, 319, 396]
58
[471, 454, 352, 424, 414, 335, 378, 347, 329, 451, 375, 382, 469, 375, 351, 375, 351, 359, 402, 373, 391, 349, 381, 413, 426, 353, 349, 425, 404, 380, 377, 389, 421, 490, 378, 330, 389, 319, 485, 360, 364, 419, 352, 351, 391, 441, 380, 374, 408, 432, 340, 390, 342, 427, 375, 427, 374, 426, 340, 362, 434, 362, 345, 426, 370, 332, 354, 368, 338, 390, 414, 395, 391, 427, 347, 376, 415, 496, 399, 403, 335, 430, 358, 376, 396, 329, 437, 355, 341, 344, 367, 298, 370, 364, 379, 336, 351, 479, 492, 411]
59
[371, 398, 421, 417, 388, 473, 392, 400, 356, 380, 358, 541, 414, 399, 521, 400, 374, 391, 347, 385, 348, 476, 361, 367, 411, 426, 354, 363, 503, 360, 377, 492, 414, 392, 441, 369, 437, 380, 445, 326, 451, 472, 331, 342, 380, 511, 394, 375, 473, 435, 326, 357, 409, 363, 406, 449, 360, 404, 384, 433, 372, 448, 361, 564, 371, 394, 353, 381, 379, 570, 296, 429, 468, 330, 359, 405, 444, 376, 468, 558, 418, 371, 340, 456, 398, 399, 467, 518, 414, 506, 387, 438, 339, 474, 378, 338, 355, 372, 354, 366]
60
[389, 409, 515, 335, 397, 433, 357, 409, 360, 393, 309, 455, 441, 466, 412, 354, 509, 352, 380, 407, 422, 406, 472, 388, 394, 396, 427, 359, 352, 455, 455, 466, 401, 449, 350, 424, 439, 359, 398, 414, 432, 372, 323, 374, 405, 378, 408, 440, 438, 393, 365, 482, 387, 391, 371, 437, 360, 389, 375, 517, 324, 461, 408, 330, 334, 527, 386, 330, 336, 369, 445, 403, 413, 521, 396, 365, 361, 382, 433, 351, 384, 354, 389, 446, 433, 329, 358, 403, 397, 391, 350, 370, 364, 374, 408, 356, 414, 410, 354, 428]
61
[367, 382, 419, 393, 446, 352, 439, 453, 439, 392, 330, 489, 423, 386, 383, 358, 427, 428, 369, 411, 390, 316, 376, 385, 349, 403, 445, 403, 407, 431, 349, 419, 323, 420, 454, 414, 422, 413, 391, 352, 437, 349, 407, 363, 358, 401, 409, 411, 369, 318, 416, 434, 343, 420, 431, 381, 345, 406, 399, 354, 443, 405, 599, 468, 433, 382, 449, 312, 382, 385, 402, 380, 387, 402, 481, 437, 405, 502, 497, 368, 468, 482, 404, 393, 423, 450, 391, 396, 407, 384, 358, 423, 380, 383, 325, 410, 363, 359, 513, 423]
62
[513, 415, 392, 433, 388, 462, 372, 500, 389, 340, 504, 422, 389, 378, 425, 413, 395, 386, 455, 377, 413, 403, 410, 338, 370, 359, 411, 362, 474, 482, 489, 458, 467, 519, 415, 426, 418, 455, 353, 365, 420, 384, 403, 511, 340, 429, 359, 461, 455, 419, 373, 397, 483, 415, 441, 410, 478, 415, 436, 462, 471, 512, 480, 363, 586, 391, 440, 426, 438, 506, 463, 450, 437, 394, 544, 472, 387, 534, 501, 471, 397, 493, 355, 358, 391, 422, 384, 408, 428, 404, 409, 473, 416, 523, 400, 401, 388, 394, 465, 415]
63
[377, 413, 364, 467, 459, 542, 409, 352, 372, 443, 377, 343, 406, 459, 532, 356, 382, 378, 475, 382, 408, 441, 431, 392, 414, 438, 447, 385, 494, 413, 437, 431, 412, 427, 410, 464, 371, 452, 455, 438, 420, 480, 436, 378, 428, 412, 423, 428, 464, 406, 401, 400, 409, 451, 462, 411, 412, 492, 569, 443, 416, 407, 422, 408, 369, 385, 498, 551, 408, 433, 461, 396, 416, 480, 496, 518, 414, 378, 405, 362, 446, 398, 367, 525, 415, 435, 566, 404, 400, 695, 361, 371, 405, 411, 448, 451, 469, 394, 441, 342]
64
[424, 459, 365, 435, 453, 397, 475, 500, 504, 386, 374, 432, 415, 401, 632, 514, 395, 384, 393, 377, 417, 395, 450, 448, 437, 454, 550, 417, 458, 450, 378, 420, 393, 434, 392, 436, 435, 453, 432, 415, 450, 379, 359, 431, 423, 603, 426, 397, 460, 435, 543, 411, 436, 445, 468, 393, 490, 460, 452, 413, 461, 377, 383, 383, 396, 470, 350, 391, 440, 469, 501, 538, 518, 382, 454, 427, 419, 403, 396, 520, 491, 402, 411, 421, 373, 528, 570, 404, 411, 369, 446, 402, 479, 412, 414, 420, 473, 479, 463, 412]
65
[399, 361, 532, 422, 354, 441, 368, 426, 503, 566, 439, 459, 378, 539, 416, 481, 391, 491, 413, 432, 430, 423, 452, 489, 454, 420, 492, 378, 454, 389, 456, 402, 406, 492, 426, 511, 515, 476, 477, 355, 460, 443, 489, 386, 628, 372, 457, 547, 354, 394, 395, 432, 436, 483, 497, 395, 423, 502, 350, 461, 459, 452, 425, 441, 519, 415, 479, 440, 367, 505, 460, 400, 504, 617, 412, 392, 400, 423, 386, 563, 382, 427, 431, 449, 574, 450, 404, 395, 408, 555, 478, 426, 474, 439, 456, 420, 405, 529, 476, 519]
66
[370, 406, 449, 408, 460, 568, 465, 389, 394, 411, 371, 504, 435, 443, 473, 395, 449, 474, 407, 448, 461, 456, 351, 353, 423, 407, 409, 517, 470, 448, 454, 365, 504, 479, 493, 556, 510, 409, 456, 448, 381, 485, 394, 374, 432, 377, 371, 460, 473, 443, 585, 437, 561, 378, 504, 535, 422, 461, 507, 510, 496, 453, 458, 429, 495, 424, 369, 398, 538, 555, 486, 478, 451, 431, 410, 434, 379, 494, 485, 440, 450, 431, 550, 471, 491, 388, 392, 389, 467, 533, 567, 457, 471, 456, 512, 488, 425, 386, 448, 458]
67
[440, 460, 428, 481, 439, 529, 524, 783, 488, 492, 389, 486, 397, 497, 525, 590, 415, 395, 437, 495, 449, 502, 485, 447, 400, 424, 492, 598, 447, 411, 473, 489, 401, 469, 394, 520, 523, 506, 510, 380, 453, 486, 490, 596, 439, 412, 535, 440, 573, 466, 389, 424, 429, 490, 478, 606, 398, 486, 364, 465, 533, 385, 495, 453, 601, 465, 436, 469, 403, 557, 529, 600, 426, 419, 476, 401, 430, 514, 400, 593, 566, 492, 458, 482, 451, 481, 449, 437, 457, 502, 398, 387, 451, 456, 459, 430, 512, 425, 521, 384]
68
[548, 423, 573, 410, 701, 457, 456, 517, 491, 509, 469, 383, 511, 402, 519, 463, 509, 462, 414, 501, 438, 442, 462, 429, 391, 443, 409, 403, 638, 527, 382, 480, 463, 453, 433, 490, 397, 399, 379, 451, 396, 414, 550, 480, 506, 375, 595, 518, 500, 421, 474, 477, 585, 434, 452, 486, 507, 446, 407, 390, 566, 402, 411, 512, 452, 427, 455, 480, 499, 503, 394, 444, 514, 448, 489, 431, 468, 468, 482, 528, 459, 467, 563, 500, 436, 532, 444, 561, 456, 489, 521, 575, 578, 407, 449, 382, 547, 475, 497, 577]
69
[426, 509, 569, 556, 465, 438, 528, 546, 450, 515, 447, 517, 388, 501, 404, 438, 473, 509, 456, 449, 578, 461, 608, 468, 509, 498, 477, 532, 641, 471, 459, 493, 485, 481, 456, 462, 457, 446, 436, 435, 459, 471, 448, 461, 420, 636, 412, 454, 394, 543, 366, 454, 404, 435, 471, 443, 499, 437, 558, 455, 503, 516, 558, 574, 523, 486, 454, 468, 428, 508, 444, 457, 545, 565, 446, 454, 678, 444, 540, 435, 471, 471, 460, 450, 526, 660, 514, 461, 407, 450, 527, 473, 514, 423, 469, 515, 455, 433, 463, 432]
70
[504, 485, 488, 449, 595, 722, 447, 503, 465, 562, 510, 521, 408, 600, 462, 460, 435, 496, 443, 490, 473, 534, 485, 433, 526, 506, 617, 393, 491, 540, 520, 512, 541, 453, 419, 493, 522, 434, 509, 392, 492, 517, 369, 503, 499, 391, 517, 473, 472, 399, 530, 450, 512, 396, 408, 452, 475, 442, 434, 427, 501, 419, 463, 441, 429, 496, 568, 421, 642, 565, 454, 487, 537, 479, 473, 454, 411, 442, 477, 424, 501, 558, 604, 536, 442, 465, 521, 457, 455, 489, 536, 435, 591, 451, 505, 459, 476, 583, 553, 544]
71
[486, 545, 450, 457, 505, 425, 434, 459, 429, 542, 534, 498, 671, 483, 483, 440, 500, 402, 573, 502, 561, 630, 474, 646, 585, 474, 497, 438, 456, 562, 509, 747, 444, 480, 545, 440, 555, 477, 529, 528, 483, 479, 450, 475, 444, 456, 582, 423, 534, 461, 451, 500, 593, 476, 482, 514, 413, 477, 523, 480, 434, 459, 530, 560, 511, 491, 456, 457, 601, 441, 433, 448, 468, 465, 395, 593, 444, 444, 516, 496, 504, 439, 485, 616, 577, 445, 445, 518, 510, 480, 440, 486, 445, 398, 551, 443, 493, 465, 563, 477]
72
[420, 499, 417, 518, 566, 474, 558, 555, 475, 476, 605, 580, 517, 609, 633, 413, 517, 546, 513, 461, 545, 479, 581, 501, 456, 475, 518, 469, 431, 474, 516, 457, 509, 478, 497, 510, 550, 430, 546, 496, 478, 429, 465, 467, 487, 453, 489, 469, 424, 485, 510, 481, 535, 615, 472, 455, 527, 575, 438, 442, 501, 514, 535, 473, 583, 531, 436, 469, 426, 517, 548, 566, 442, 546, 482, 491, 479, 525, 699, 513, 474, 452, 547, 415, 455, 578, 474, 588, 554, 416, 501, 468, 482, 627, 516, 555, 412, 524, 448, 543]
73
[563, 490, 641, 487, 464, 492, 432, 486, 572, 505, 482, 469, 496, 555, 780, 499, 515, 510, 533, 552, 510, 545, 723, 505, 464, 709, 407, 508, 596, 531, 596, 442, 539, 469, 515, 478, 433, 578, 480, 690, 455, 555, 490, 476, 497, 493, 623, 419, 573, 592, 445, 541, 429, 594, 530, 565, 459, 451, 437, 585, 764, 492, 476, 632, 561, 422, 591, 521, 480, 495, 506, 521, 458, 652, 424, 529, 504, 457, 456, 430, 549, 502, 487, 586, 529, 511, 499, 399, 412, 437, 493, 444, 554, 542, 470, 435, 622, 406, 648, 556]
74
[621, 525, 440, 480, 627, 546, 442, 561, 539, 570, 416, 472, 504, 457, 519, 535, 522, 579, 519, 570, 550, 535, 508, 498, 539, 487, 428, 484, 508, 478, 454, 521, 450, 587, 499, 459, 527, 534, 505, 445, 476, 420, 519, 428, 606, 517, 600, 516, 445, 542, 428, 432, 482, 586, 537, 505, 519, 503, 432, 597, 582, 639, 565, 481, 585, 472, 498, 520, 569, 523, 615, 424, 449, 571, 519, 466, 528, 548, 492, 523, 559, 469, 473, 473, 563, 535, 575, 570, 463, 548, 506, 455, 452, 554, 461, 508, 433, 541, 523, 462]
75
[473, 709, 436, 522, 513, 515, 487, 481, 497, 515, 510, 481, 644, 754, 445, 508, 528, 478, 504, 481, 676, 488, 463, 550, 503, 511, 473, 435, 464, 510, 519, 569, 539, 530, 478, 555, 605, 651, 536, 518, 524, 453, 464, 664, 433, 568, 681, 615, 483, 473, 445, 503, 577, 466, 481, 493, 584, 489, 627, 524, 487, 488, 519, 476, 618, 519, 514, 538, 474, 450, 513, 577, 465, 491, 477, 502, 574, 543, 601, 460, 492, 545, 534, 522, 517, 543, 445, 443, 542, 599, 518, 585, 503, 562, 641, 568, 480, 535, 605, 526]
76
[470, 627, 550, 526, 509, 638, 560, 532, 481, 718, 508, 572, 530, 580, 491, 459, 572, 579, 729, 520, 522, 452, 441, 640, 482, 526, 604, 564, 476, 578, 490, 457, 700, 634, 521, 450, 533, 626, 467, 548, 440, 533, 611, 440, 595, 548, 499, 554, 565, 609, 579, 549, 526, 446, 533, 513, 494, 507, 598, 572, 446, 531, 476, 610, 562, 581, 486, 623, 526, 455, 464, 550, 511, 487, 486, 496, 559, 513, 575, 458, 567, 472, 556, 493, 517, 598, 564, 539, 569, 732, 484, 587, 520, 673, 615, 495, 488, 556, 447, 604]
77
[540, 626, 538, 466, 519, 594, 552, 467, 528, 565, 549, 544, 503, 481, 496, 498, 514, 652, 528, 552, 559, 540, 577, 485, 490, 560, 595, 538, 473, 565, 661, 548, 558, 686, 567, 505, 505, 556, 556, 533, 518, 545, 540, 684, 535, 485, 522, 527, 524, 554, 456, 486, 493, 635, 519, 466, 544, 467, 643, 492, 606, 579, 801, 553, 542, 584, 666, 513, 601, 621, 590, 528, 677, 560, 555, 497, 554, 504, 630, 648, 571, 524, 665, 583, 526, 565, 440, 673, 538, 539, 569, 520, 465, 585, 470, 704, 528, 617, 567, 588]
78
[494, 498, 596, 574, 489, 606, 607, 612, 646, 508, 503, 496, 517, 546, 579, 522, 454, 441, 601, 587, 480, 474, 726, 514, 601, 564, 586, 486, 610, 572, 650, 511, 517, 551, 479, 508, 542, 609, 492, 557, 581, 623, 561, 679, 537, 554, 546, 631, 705, 492, 489, 571, 630, 588, 619, 587, 544, 547, 495, 689, 516, 528, 531, 475, 555, 465, 495, 595, 489, 567, 580, 492, 505, 529, 609, 481, 582, 655, 546, 654, 565, 611, 564, 555, 496, 569, 485, 505, 536, 547, 536, 656, 542, 572, 531, 449, 795, 620, 536, 451]
79
[543, 489, 637, 522, 589, 551, 608, 644, 509, 480, 526, 499, 603, 545, 531, 597, 603, 508, 615, 495, 573, 522, 548, 587, 588, 659, 530, 567, 500, 593, 603, 603, 639, 553, 534, 595, 569, 488, 646, 592, 549, 594, 578, 606, 552, 580, 588, 543, 537, 644, 524, 586, 474, 648, 658, 473, 686, 604, 458, 625, 448, 596, 512, 617, 516, 522, 549, 489, 427, 532, 757, 532, 532, 580, 538, 562, 513, 502, 449, 546, 592, 604, 481, 575, 488, 498, 611, 663, 594, 650, 601, 549, 546, 576, 670, 475, 606, 497, 561, 658]
80
[525, 611, 528, 534, 549, 491, 580, 491, 593, 518, 558, 502, 777, 571, 489, 569, 648, 600, 529, 486, 626, 575, 505, 693, 598, 517, 460, 492, 660, 541, 465, 656, 520, 479, 522, 661, 564, 763, 534, 675, 704, 529, 505, 581, 590, 596, 458, 683, 568, 504, 520, 544, 431, 545, 550, 580, 544, 650, 651, 535, 490, 513, 602, 535, 562, 591, 486, 605, 587, 565, 618, 633, 507, 590, 528, 555, 553, 560, 523, 589, 539, 558, 514, 596, 623, 648, 489, 490, 640, 578, 608, 504, 575, 530, 549, 485, 536, 642, 556, 493]
81
[545, 662, 527, 525, 531, 607, 664, 659, 625, 646, 645, 588, 658, 605, 566, 777, 530, 568, 541, 561, 520, 532, 729, 590, 542, 562, 502, 663, 714, 597, 489, 655, 499, 596, 701, 525, 610, 603, 624, 579, 693, 684, 576, 493, 560, 596, 628, 578, 649, 530, 570, 551, 585, 617, 465, 732, 675, 615, 617, 594, 571, 638, 600, 718, 485, 518, 614, 542, 480, 583, 591, 637, 708, 522, 522, 698, 631, 512, 537, 500, 654, 615, 744, 669, 676, 575, 674, 573, 601, 535, 694, 556, 648, 500, 593, 608, 530, 484, 500, 842]
82
[572, 578, 564, 613, 620, 755, 533, 560, 615, 657, 654, 547, 535, 557, 565, 500, 610, 600, 686, 627, 733, 584, 684, 535, 743, 627, 492, 741, 674, 596, 591, 685, 934, 487, 592, 516, 649, 590, 565, 567, 555, 741, 538, 543, 510, 626, 545, 574, 548, 583, 595, 517, 703, 570, 694, 672, 687, 569, 740, 595, 551, 562, 589, 639, 595, 567, 509, 600, 549, 530, 568, 549, 732, 518, 522, 552, 606, 499, 584, 565, 545, 518, 600, 545, 609, 643, 523, 556, 669, 624, 649, 464, 554, 551, 612, 716, 580, 501, 518, 584]
83
[604, 662, 547, 552, 624, 608, 511, 661, 569, 551, 567, 738, 670, 620, 494, 737, 653, 608, 758, 632, 704, 490, 652, 489, 588, 756, 505, 658, 512, 532, 527, 558, 606, 481, 644, 540, 555, 656, 536, 744, 587, 533, 637, 520, 546, 656, 490, 598, 494, 594, 637, 539, 584, 613, 596, 755, 575, 751, 573, 640, 588, 508, 588, 671, 587, 717, 666, 552, 612, 934, 722, 573, 572, 671, 667, 526, 603, 526, 560, 555, 629, 561, 579, 638, 609, 581, 600, 517, 520, 578, 651, 530, 567, 492, 567, 595, 624, 609, 711, 576]
84
[686, 679, 590, 577, 616, 657, 592, 498, 585, 600, 623, 692, 630, 676, 652, 536, 544, 466, 615, 717, 620, 493, 590, 571, 517, 698, 688, 632, 684, 556, 533, 646, 598, 537, 532, 669, 569, 695, 582, 622, 604, 662, 604, 544, 560, 564, 584, 633, 611, 570, 634, 610, 658, 623, 565, 572, 763, 544, 650, 603, 603, 565, 555, 948, 620, 627, 563, 598, 474, 620, 561, 656, 570, 542, 559, 634, 688, 598, 650, 611, 619, 711, 663, 669, 648, 637, 537, 718, 553, 571, 544, 676, 498, 654, 647, 638, 619, 716, 482, 635]
85
[696, 795, 605, 563, 532, 561, 719, 728, 614, 664, 617, 575, 673, 744, 608, 620, 544, 631, 571, 651, 511, 635, 646, 669, 618, 545, 639, 608, 649, 624, 634, 597, 631, 586, 630, 555, 732, 576, 464, 577, 549, 641, 731, 804, 600, 623, 570, 631, 620, 646, 653, 589, 619, 595, 611, 566, 549, 493, 544, 711, 606, 520, 614, 538, 628, 511, 539, 573, 543, 617, 612, 543, 571, 494, 611, 534, 632, 650, 664, 752, 600, 596, 546, 585, 680, 599, 621, 634, 695, 718, 558, 563, 577, 611, 595, 596, 550, 614, 625, 492]
86
[709, 765, 630, 747, 601, 611, 502, 588, 553, 653, 609, 686, 509, 765, 745, 729, 597, 646, 646, 513, 744, 634, 616, 519, 562, 583, 574, 639, 611, 594, 645, 712, 510, 576, 735, 495, 683, 494, 581, 641, 655, 652, 557, 655, 809, 553, 902, 676, 516, 619, 778, 544, 622, 547, 581, 693, 595, 551, 575, 591, 687, 603, 560, 738, 605, 656, 604, 651, 620, 539, 630, 645, 687, 571, 767, 653, 579, 575, 706, 607, 638, 505, 951, 727, 624, 556, 633, 893, 557, 505, 673, 813, 551, 628, 616, 837, 673, 606, 857, 620]
87
[686, 729, 610, 599, 649, 699, 612, 709, 642, 689, 679, 682, 714, 753, 562, 599, 614, 662, 693, 876, 651, 546, 595, 614, 685, 761, 585, 674, 631, 542, 563, 706, 565, 638, 770, 556, 696, 547, 575, 732, 620, 810, 599, 646, 531, 643, 580, 678, 657, 619, 642, 593, 780, 619, 618, 557, 606, 621, 560, 507, 592, 608, 568, 687, 619, 587, 539, 593, 567, 563, 629, 527, 540, 590, 655, 747, 745, 674, 613, 651, 622, 606, 602, 556, 528, 607, 748, 604, 540, 661, 680, 599, 528, 691, 592, 665, 606, 647, 599, 644]
88
[578, 647, 631, 647, 697, 585, 569, 702, 715, 625, 639, 616, 708, 728, 653, 575, 565, 673, 612, 573, 714, 631, 638, 619, 680, 622, 638, 574, 684, 533, 651, 641, 849, 694, 633, 1015, 572, 732, 645, 849, 755, 722, 602, 741, 588, 535, 635, 787, 667, 715, 600, 583, 620, 545, 553, 698, 563, 745, 618, 690, 557, 562, 682, 701, 589, 832, 637, 618, 596, 693, 562, 582, 726, 716, 583, 532, 739, 775, 772, 647, 747, 645, 666, 596, 663, 645, 548, 761, 594, 609, 591, 635, 717, 559, 656, 600, 551, 568, 610, 627]
89
[648, 726, 641, 553, 707, 676, 605, 847, 649, 612, 703, 563, 725, 724, 715, 620, 597, 647, 652, 705, 646, 699, 630, 731, 527, 652, 663, 636, 782, 735, 643, 574, 613, 684, 648, 660, 672, 612, 636, 651, 560, 733, 665, 599, 613, 638, 737, 650, 694, 715, 617, 594, 814, 601, 616, 581, 695, 604, 594, 597, 646, 806, 689, 661, 632, 497, 662, 631, 653, 565, 836, 754, 631, 606, 976, 582, 615, 611, 567, 761, 651, 636, 573, 746, 612, 586, 666, 603, 518, 705, 639, 617, 781, 636, 670, 608, 640, 702, 605, 578]
90
[619, 701, 724, 637, 674, 743, 676, 589, 613, 535, 652, 586, 575, 673, 765, 759, 602, 613, 625, 660, 645, 652, 649, 550, 665, 662, 747, 613, 585, 661, 685, 590, 714, 594, 735, 661, 727, 703, 707, 633, 568, 522, 641, 553, 566, 639, 680, 649, 577, 625, 634, 621, 679, 690, 798, 559, 663, 681, 619, 696, 723, 700, 680, 652, 574, 658, 687, 648, 624, 577, 612, 873, 655, 683, 577, 668, 635, 615, 675, 628, 573, 580, 615, 583, 584, 611, 711, 653, 744, 563, 614, 654, 585, 743, 683, 782, 666, 603, 496, 572]
91
[659, 678, 834, 731, 617, 652, 645, 592, 739, 614, 653, 716, 702, 569, 597, 630, 619, 599, 675, 753, 592, 674, 620, 688, 606, 616, 832, 809, 836, 725, 665, 572, 813, 640, 844, 595, 693, 677, 659, 726, 727, 631, 809, 713, 720, 706, 707, 736, 549, 766, 698, 620, 702, 694, 800, 613, 617, 574, 563, 724, 790, 701, 700, 554, 631, 601, 621, 677, 691, 659, 761, 788, 802, 748, 603, 799, 574, 614, 677, 684, 627, 873, 770, 742, 648, 578, 611, 640, 671, 767, 667, 658, 621, 653, 724, 765, 674, 726, 562, 794]
92
[580, 697, 686, 613, 655, 747, 595, 765, 709, 693, 657, 621, 658, 728, 665, 653, 590, 603, 769, 715, 662, 809, 772, 754, 758, 692, 577, 592, 726, 648, 666, 752, 705, 596, 811, 575, 673, 609, 693, 761, 674, 705, 768, 644, 731, 762, 646, 741, 557, 641, 561, 758, 668, 699, 557, 712, 642, 717, 581, 931, 612, 735, 677, 601, 723, 687, 642, 573, 716, 723, 671, 706, 696, 683, 550, 665, 700, 616, 570, 658, 586, 724, 658, 704, 528, 631, 693, 680, 644, 737, 621, 605, 700, 736, 845, 726, 576, 577, 670, 575]
93
[608, 636, 751, 709, 781, 648, 648, 659, 626, 707, 652, 631, 682, 687, 850, 616, 827, 591, 751, 701, 657, 622, 627, 662, 792, 706, 728, 590, 918, 691, 621, 637, 669, 787, 769, 650, 1000, 649, 697, 693, 752, 762, 690, 789, 752, 792, 633, 726, 625, 666, 627, 751, 694, 610, 839, 681, 675, 685, 672, 706, 734, 693, 665, 666, 713, 689, 699, 560, 638, 737, 742, 782, 791, 696, 636, 770, 633, 791, 763, 634, 647, 702, 617, 689, 629, 593, 718, 741, 877, 625, 648, 694, 648, 700, 788, 666, 742, 626, 785, 798]
94
[640, 738, 753, 655, 611, 578, 660, 789, 674, 818, 624, 743, 682, 649, 624, 666, 616, 585, 727, 691, 760, 664, 628, 604, 866, 634, 618, 644, 729, 633, 613, 711, 603, 596, 797, 640, 798, 738, 718, 648, 573, 857, 725, 671, 700, 756, 698, 637, 797, 625, 563, 670, 721, 659, 719, 670, 677, 608, 564, 849, 633, 765, 669, 574, 729, 736, 645, 656, 736, 657, 717, 697, 641, 763, 601, 623, 673, 669, 622, 765, 700, 717, 653, 802, 659, 762, 758, 712, 630, 698, 777, 675, 632, 857, 638, 794, 796, 754, 679, 783]
95
[679, 648, 603, 724, 679, 644, 685, 705, 713, 622, 718, 670, 699, 624, 673, 650, 707, 683, 742, 687, 673, 664, 780, 825, 763, 749, 582, 647, 725, 669, 671, 639, 805, 923, 680, 809, 801, 748, 822, 767, 845, 700, 875, 692, 756, 734, 651, 697, 698, 635, 631, 687, 709, 789, 697, 684, 679, 671, 765, 619, 764, 627, 823, 714, 838, 689, 661, 808, 684, 679, 717, 599, 596, 785, 677, 704, 571, 756, 638, 635, 670, 711, 710, 604, 690, 778, 711, 672, 672, 771, 707, 810, 683, 763, 761, 712, 590, 622, 595, 572]
96
[851, 701, 602, 663, 756, 751, 772, 682, 853, 625, 777, 728, 848, 756, 812, 860, 888, 824, 707, 694, 662, 708, 713, 784, 740, 627, 673, 733, 676, 868, 765, 644, 727, 611, 880, 655, 775, 682, 605, 711, 755, 649, 640, 744, 628, 833, 620, 731, 782, 597, 682, 773, 876, 669, 828, 745, 692, 762, 798, 708, 807, 705, 762, 860, 691, 647, 655, 684, 634, 795, 706, 768, 821, 1012, 726, 805, 817, 719, 761, 686, 732, 714, 782, 673, 728, 785, 707, 627, 820, 726, 755, 680, 688, 603, 655, 700, 638, 660, 820, 1022]
97
[719, 665, 647, 697, 648, 806, 814, 730, 786, 744, 691, 671, 608, 725, 646, 634, 806, 852, 675, 805, 792, 964, 687, 590, 695, 828, 713, 777, 779, 858, 727, 727, 747, 755, 689, 680, 665, 673, 789, 657, 679, 747, 695, 657, 807, 788, 691, 737, 868, 763, 840, 635, 706, 712, 709, 769, 650, 817, 674, 741, 743, 750, 913, 772, 840, 715, 764, 816, 727, 623, 854, 663, 903, 771, 652, 756, 605, 665, 654, 860, 780, 645, 689, 756, 914, 657, 797, 587, 687, 671, 696, 667, 679, 730, 674, 854, 850, 663, 664, 625]
98
[633, 700, 652, 774, 792, 770, 696, 739, 889, 738, 766, 935, 654, 623, 806, 768, 729, 835, 708, 899, 685, 663, 723, 682, 764, 575, 691, 761, 740, 810, 903, 651, 705, 595, 664, 787, 835, 689, 626, 978, 667, 829, 886, 743, 679, 776, 614, 691, 943, 793, 664, 817, 779, 693, 658, 597, 653, 693, 654, 696, 778, 914, 817, 652, 731, 832, 796, 696, 656, 736, 652, 773, 805, 833, 742, 699, 719, 697, 707, 779, 870, 772, 705, 666, 798, 749, 669, 677, 721, 612, 762, 628, 682, 701, 733, 659, 757, 703, 659, 733]
99
[810, 716, 727, 649, 671, 694, 661, 732, 774, 662, 796, 661, 870, 918, 750, 676, 734, 777, 763, 624, 890, 707, 769, 696, 734, 832, 744, 678, 703, 692, 867, 695, 721, 747, 649, 695, 630, 899, 688, 849, 782, 974, 626, 636, 721, 667, 754, 740, 809, 729, 758, 772, 774, 863, 763, 838, 834, 771, 680, 929, 734, 663, 786, 913, 658, 783, 718, 633, 815, 969, 728, 908, 661, 679, 726, 794, 737, 751, 690, 731, 619, 779, 707, 703, 732, 668, 630, 698, 839, 754, 814, 807, 771, 758, 739, 706, 818, 803, 892, 687]
100
[854, 624, 948, 727, 852, 748, 694, 668, 1021, 888, 769, 910, 798, 757, 816, 697, 725, 733, 705, 817, 740, 812, 940, 787, 732, 774, 852, 662, 788, 726, 756, 683, 608, 906, 792, 741, 743, 886, 687, 709, 755, 700, 796, 750, 746, 762, 676, 935, 669, 682, 977, 867, 776, 832, 797, 738, 709, 634, 840, 770, 965, 701, 697, 865, 695, 690, 627, 752, 736, 745, 672, 784, 779, 705, 647, 681, 674, 600, 661, 891, 708, 803, 672, 750, 635, 635, 698, 695, 989, 717, 763, 845, 740, 729, 806, 770, 690, 738, 927, 815]
