1
[0, 0, 0, 0, 0, 0, 0, 0, 0, 0, 0, 0, 0, 0, 0, 0, 0, 0, 0, 0, 0, 0, 0, 0, 0, 0, 0, 0, 0, 0, 0, 0, 0, 0, 0, 0, 0, 0, 0, 0, 0, 0, 0, 0, 0, 0, 0, 0, 0, 0, 0, 0, 0, 0, 0, 0, 0, 0, 0, 0, 0, 0, 0, 0, 0, 0, 0, 0, 0, 0, 0, 0, 0, 0, 0, 0, 0, 0, 0, 0, 0, 0, 0, 0, 0, 0, 0, 0, 0, 0, 0, 0, 0, 0, 0, 0, 0, 0, 0, 0]
2
[2, 3, 2, 6, 3, 2, 2, 2, 2, 2, 2, 2, 2, 4, 2, 2, 4, 2, 2, 2, 3, 6, 3, 3, 2, 2, 3, 3, 2, 2, 2, 5, 2, 3, 8, 3, 3, 3, 3, 2, 2, 2, 3, 2, 2, 3, 3, 2, 4, 3, 4, 8, 2, 2, 2, 3, 2, 4, 4, 2, 2, 3, 3, 2, 2, 2, 2, 5, 2, 3, 3, 3, 4, 3, 6, 3, 2, 5, 2, 2, 2, 3, 2, 2, 4, 6, 2, 2, 2, 2, 3, 3, 2, 2, 2, 2, 2, 4, 5, 2]
3
[6, 21, 10, 10, 11, 8, 5, 6, 4, 8, 10, 7, 11, 8, 8, 10, 9, 11, 11, 9, 17, 18, 6, 7, 14, 6, 5, 19, 10, 10, 11, 4, 12, 14, 15, 12, 4, 5, 7, 14, 9, 5, 9, 8, 10, 9, 5, 9, 5, 14, 12, 24, 5, 16, 9, 6, 7, 9, 10, 11, 5, 7, 12, 6, 7, 7, 14, 10, 10, 6, 18, 7, 8, 8, 6, 10, 13, 6, 8, 9, 6, 5, 10, 9, 7, 17, 13, 7, 9, 17, 8, 6, 16, 13, 14, 8, 23, 5, 4, 13]
4
[9, 22, 12, 35, 23, 19, 31, 23, 20, 16, 16, 18, 19, 17, 18, 22, 15, 18, 11, 40, 42, 30, 24, 26, 16, 15, 28, 22, 28, 12, 25, 10, 13, 15, 11, 36, 39, 18, 16, 12, 35, 11, 15, 30, 39, 13, 13, 22, 13, 33, 8, 18, 15, 16, 17, 15, 16, 8, 24, 20, 12, 20, 19, 27, 17, 14, 15, 34, 35, 25, 16, 27, 21, 28, 27, 12, 21, 34, 17, 25, 25, 19, 13, 17, 21, 21, 22, 20, 22, 10, 13, 23, 33, 17, 22, 14, 10, 20, 46, 20]
5
[15, 29, 29, 31, 30, 69, 29, 66, 29, 28, 34, 35, 70, 37, 44, 45, 39, 28, 22, 24, 58, 33, 55, 54, 20, 32, 33, 41, 59, 22, 22, 36, 27, 33, 26, 51, 53, 42, 31, 48, 29, 35, 36, 30, 39, 30, 31, 34, 60, 28, 41, 38, 17, 28, 46, 24, 36, 27, 37, 57, 52, 49, 53, 47, 23, 45, 54, 22, 28, 24, 46, 28, 53, 40, 33, 63, 31, 58, 28, 28, 29, 32, 18, 24, 30, 33, 37, 34, 31, 27, 48, 23, 22, 34, 58, 35, 37, 30, 29, 37]
6
[36, 35, 39, 124, 40, 50, 70, 44, 54, 58, 42, 37, 46, 63, 46, 64, 38, 81, 90, 47, 60, 61, 62, 49, 79, 43, 38, 31, 60, 50, 47, 50, 53, 68, 54, 43, 54, 55, 64, 40, 95, 40, 60, 51, 41, 50, 36, 112, 44, 100, 61, 53, 89, 62, 50, 59, 42, 103, 121, 50, 29, 28, 46, 59, 61, 22, 129, 26, 52, 54, 31, 109, 76, 45, 39, 175, 38, 53, 27, 55, 48, 38, 48, 19, 52, 42, 65, 51, 95, 31, 41, 55, 80, 33, 39, 57, 117, 45, 64, 46]
7
[89, 77, 81, 185, 106, 66, 69, 155, 69, 67, 133, 102, 70, 116, 96, 50, 65, 127, 95, 191, 83, 90, 76, 51, 68, 44, 72, 105, 56, 187, 185, 22, 62, 79, 56, 126, 81, 138, 122, 84, 59, 36, 104, 128, 91, 126, 122, 114, 62, 84, 114, 136, 69, 59, 122, 72, 58, 104, 155, 58, 46, 113, 89, 107, 59, 41, 110, 77, 52, 59, 87, 126, 81, 68, 46, 57, 53, 55, 65, 91, 123, 107, 64, 87, 116, 48, 100, 101, 162, 71, 76, 189, 99, 64, 72, 90, 67, 113, 280, 80]
8
[103, 110, 436, 139, 56, 110, 71, 161, 144, 216, 255, 185, 318, 239, 216, 132, 91, 114, 150, 296, 138, 155, 65, 270, 276, 177, 186, 150, 206, 130, 86, 130, 129, 101, 138, 288, 118, 143, 135, 223, 124, 76, 164, 176, 189, 190, 125, 92, 94, 181, 470, 162, 112, 325, 87, 92, 147, 137, 119, 100, 197, 161, 126, 132, 136, 55, 204, 146, 110, 231, 233, 120, 171, 111, 251, 102, 138, 239, 136, 80, 293, 244, 151, 120, 94, 155, 304, 226, 139, 90, 140, 62, 186, 293, 142, 233, 90, 94, 102, 122]
9
[85, 107, 413, 284, 163, 318, 542, 163, 243, 172, 164, 215, 61, 449, 201, 122, 163, 131, 480, 114, 220, 139, 215, 520, 241, 563, 152, 364, 331, 412, 186, 510, 142, 221, 136, 96, 277, 315, 84, 508, 807, 285, 478, 265, 532, 108, 134, 297, 118, 129, 125, 137, 185, 216, 417, 54, 287, 164, 464, 120, 194, 154, 144, 283, 98, 597, 118, 303, 162, 121, 225, 86, 163, 182, 87, 215, 405, 154, 643, 615, 54, 152, 335, 238, 388, 278, 150, 368, 98, 260, 323, 179, 164, 439, 123, 397, 57, 317, 410, 325]
10
[715, 276, 377, 245, 298, 279, 401, 108, 1269, 164, 495, 256, 157, 186, 434, 601, 220, 152, 707, 321, 1159, 580, 167, 621, 245, 2181, 1185, 288, 191, 253, 657, 542, 240, 1114, 160, 916, 471, 218, 353, 310, 211, 257, 271, 277, 278, 176, 1352, 901, 319, 275, 577, 215, 385, 257, 249, 630, 423, 277, 272, 462, 200, 111, 130, 1317, 241, 1357, 331, 887, 245, 413, 453, 441, 269, 173, 398, 355, 349, 755, 705, 272, 164, 1111, 437, 801, 1730, 153, 534, 373, 1863, 603, 479, 509, 589, 125, 540, 371, 148, 631, 479, 1
[0, 0, 0, 0, 0, 0, 0, 0, 0, 0]
2
[2, 2, 7, 2, 6, 2, 2, 2, 9, 4]
3
[6, 14, 7, 8, 9, 6, 6, 5, 8, 7]
4
[27, 25, 11, 35, 23, 11, 22, 14, 13, 44]
1
[0, 0, 0, 0, 0, 0, 0, 0, 0, 0]
2
[3, 8, 5, 10, 6, 3, 2, 2, 2, 3]
3
[12, 5, 7, 10, 23, 6, 6, 17, 7, 8]
4
[28, 15, 11, 16, 23, 49, 27, 33, 18, 10]
1
[0, 0, 0, 0, 0, 0, 0, 0, 0, 0]
2
[2, 3, 2, 3, 2, 2, 2, 3, 2, 2]
3
[13, 7, 12, 10, 7, 11, 5, 8, 8, 4]
4
[22, 21, 9, 19, 24, 30, 32, 21, 13, 8]
1
[0, 0, 0, 0, 0, 0, 0, 0, 0, 0]
2
[7, 3, 5, 2, 2, 2, 2, 2, 2, 6]
3
[16, 4, 10, 5, 13, 17, 17, 5, 15, 14]
4
[34, 31, 14, 17, 17, 25, 30, 12, 20, 22]
1
[0, 0, 0, 0, 0, 0, 0, 0, 0, 0]
2
[6, 3, 3, 2, 2, 2, 2, 2, 4, 4]
3
[8, 14, 10, 7, 8, 19, 14, 9, 12, 15]
4
[16, 14, 21, 20, 16, 16, 21, 16, 41, 20]
1
[0, 0, 0, 0, 0, 0, 0, 0, 0, 0]
2
[3, 2, 2, 3, 2, 3, 2, 3, 2, 3]
3
[6, 9, 10, 6, 4, 12, 10, 8, 4, 18]
4
[40, 7, 12, 29, 26, 22, 11, 18, 11, 11]
1
[0, 0, 0, 0, 0, 0, 0, 0, 0, 0]
1
[0, 0, 0, 0, 0, 0, 0, 0, 0, 0]
1
[0, 0, 0, 0, 0, 0, 0, 0, 0, 0]
2
[3, 3, 2, 2, 5, 2, 2, 3, 3, 4]
3
[4, 4, 6, 13, 10, 12, 15, 22, 7, 9]
4
[30, 35, 16, 13, 9, 9, 29, 28, 19, 15]
