1
[0, 0, 0, 0, 0, 0, 0, 0, 0, 0, 0, 0, 0, 0, 0, 0, 0, 0, 0, 0, 0, 0, 0, 0, 0, 0, 0, 0, 0, 0, 0, 0, 0, 0, 0, 0, 0, 0, 0, 0, 0, 0, 0, 0, 0, 0, 0, 0, 0, 0, 0, 0, 0, 0, 0, 0, 0, 0, 0, 0, 0, 0, 0, 0, 0, 0, 0, 0, 0, 0, 0, 0, 0, 0, 0, 0, 0, 0, 0, 0, 0, 0, 0, 0, 0, 0, 0, 0, 0, 0, 0, 0, 0, 0, 0, 0, 0, 0, 0, 0]
2
[1, 1, 1, 1, 1, 1, 1, 1, 1, 1, 1, 1, 1, 1, 1, 1, 1, 1, 1, 1, 1, 1, 1, 1, 1, 1, 1, 1, 1, 1, 1, 1, 1, 1, 1, 1, 1, 1, 1, 1, 1, 1, 1, 1, 1, 1, 1, 1, 1, 1, 1, 1, 1, 1, 1, 1, 1, 1, 1, 1, 1, 1, 1, 1, 1, 1, 1, 1, 1, 1, 1, 1, 1, 1, 1, 1, 1, 1, 1, 1, 1, 1, 1, 1, 1, 1, 1, 1, 1, 1, 1, 1, 1, 1, 1, 1, 1, 1, 1, 1]
3
[4, 5, 4, 7, 3, 4, 3, 3, 3, 3, 3, 4, 4, 4, 4, 4, 4, 3, 3, 4, 3, 3, 4, 3, 3, 4, 4, 5, 4, 5, 3, 4, 4, 4, 6, 3, 4, 3, 5, 4, 3, 5, 3, 4, 4, 3, 4, 4, 3, 3, 3, 3, 5, 4, 5, 3, 3, 4, 5, 3, 5, 5, 3, 4, 4, 4, 3, 4, 3, 5, 3, 4, 3, 4, 3, 6, 3, 3, 4, 3, 4, 5, 3, 3, 3, 3, 3, 4, 3, 3, 3, 3, 4, 7, 3, 3, 4, 3, 5, 3]
4
[8, 5, 7, 7, 17, 6, 7, 12, 7, 8, 8, 7, 6, 6, 12, 7, 9, 9, 6, 15, 6, 6, 8, 8, 8, 5, 7, 10, 8, 14, 6, 5, 6, 7, 5, 7, 7, 5, 11, 11, 11, 7, 9, 7, 5, 9, 14, 6, 7, 6, 6, 4, 12, 7, 6, 10, 13, 9, 10, 10, 5, 14, 5, 13, 7, 9, 8, 9, 10, 5, 5, 7, 6, 6, 11, 9, 11, 8, 7, 7, 13, 8, 6, 12, 8, 9, 7, 8, 5, 7, 7, 13, 9, 7, 8, 6, 8, 5, 6, 12]
5
[12, 9, 15, 13, 16, 13, 9, 10, 11, 11, 10, 19, 14, 16, 18, 17, 9, 9, 13, 18, 10, 16, 12, 8, 10, 13, 23, 12, 8, 8, 10, 9, 12, 15, 13, 13, 17, 13, 16, 11, 13, 13, 11, 18, 16, 13, 15, 12, 9, 8, 10, 14, 18, 11, 10, 13, 18, 10, 9, 17, 19, 11, 15, 11, 17, 9, 10, 9, 27, 18, 12, 14, 9, 13, 10, 12, 18, 11, 10, 28, 22, 15, 12, 12, 9, 19, 9, 9, 8, 16, 11, 12, 14, 10, 12, 12, 16, 12, 17, 17]
6
[16, 21, 30, 19, 18, 15, 32, 24, 25, 17, 25, 13, 21, 29, 18, 14, 24, 19, 22, 15, 26, 14, 22, 28, 19, 17, 22, 19, 22, 12, 26, 13, 36, 25, 17, 30, 30, 26, 19, 33, 22, 16, 20, 25, 22, 14, 23, 24, 15, 16, 18, 18, 17, 21, 17, 19, 16, 20, 17, 14, 19, 25, 20, 22, 31, 16, 17, 22, 19, 22, 31, 22, 19, 13, 14, 19, 32, 22, 19, 18, 26, 23, 16, 18, 12, 14, 19, 20, 21, 24, 17, 15, 15, 13, 36, 24, 22, 14, 16, 14]
7
[39, 19, 34, 18, 28, 41, 35, 26, 40, 40, 28, 27, 21, 34, 28, 28, 34, 31, 28, 50, 26, 18, 31, 40, 29, 35, 40, 27, 22, 25, 29, 32, 21, 33, 24, 24, 27, 33, 32, 21, 22, 21, 36, 35, 25, 37, 29, 34, 31, 26, 30, 28, 22, 32, 45, 33, 27, 33, 32, 33, 30, 23, 38, 24, 33, 30, 28, 37, 28, 17, 25, 39, 24, 31, 23, 30, 39, 33, 22, 29, 25, 33, 25, 33, 33, 32, 29, 34, 30, 32, 39, 32, 23, 30, 53, 34, 28, 33, 35, 28]
8
[38, 56, 37, 36, 42, 43, 40, 64, 44, 31, 50, 45, 27, 42, 45, 46, 31, 42, 32, 48, 37, 28, 27, 30, 40, 28, 30, 41, 40, 29, 46, 43, 33, 56, 53, 37, 35, 27, 28, 36, 33, 16, 33, 29, 34, 30, 45, 34, 36, 42, 38, 29, 39, 29, 38, 41, 59, 46, 24, 36, 33, 30, 40, 38, 36, 36, 26, 48, 36, 44, 33, 65, 39, 37, 50, 37, 46, 33, 49, 50, 30, 51, 33, 29, 47, 48, 45, 44, 39, 31, 39, 29, 33, 39, 44, 36, 30, 37, 38, 46]
9
[50, 55, 36, 55, 39, 43, 51, 41, 51, 56, 55, 63, 49, 41, 36, 33, 70, 55, 54, 56, 45, 38, 41, 31, 51, 51, 61, 38, 33, 53, 60, 30, 59, 43, 35, 50, 39, 43, 49, 52, 66, 58, 48, 61, 65, 57, 43, 47, 40, 46, 57, 42, 44, 79, 56, 44, 45, 44, 50, 54, 53, 34, 63, 52, 45, 56, 58, 60, 60, 61, 58, 55, 69, 80, 53, 41, 33, 44, 49, 49, 35, 49, 52, 37, 58, 43, 51, 52, 38, 44, 42, 49, 35, 69, 64, 37, 38, 48, 63, 54]
10
[59, 39, 55, 80, 54, 55, 96, 70, 54, 50, 58, 67, 63, 35, 54, 75, 74, 69, 74, 60, 65, 72, 50, 84, 60, 53, 69, 58, 75, 84, 45, 69, 63, 72, 52, 48, 45, 40, 55, 49, 56, 49, 57, 52, 52, 60, 42, 55, 69, 73, 47, 69, 52, 65, 65, 64, 51, 64, 69, 53, 55, 62, 60, 46, 54, 74, 83, 52, 85, 58, 76, 46, 49, 57, 53, 79, 75, 55, 87, 50, 81, 51, 64, 62, 86, 53, 48, 75, 50, 49, 57, 55, 86, 60, 46, 56, 70, 53, 54, 60]
11
[64, 80, 65, 59, 74, 89, 77, 84, 94, 71, 73, 92, 76, 92, 57, 66, 94, 86, 74, 80, 62, 82, 77, 81, 71, 86, 74, 83, 88, 56, 96, 76, 72, 85, 84, 85, 103, 95, 93, 80, 76, 61, 77, 83, 62, 69, 60, 83, 80, 81, 62, 68, 58, 60, 93, 80, 71, 61, 58, 71, 63, 62, 88, 70, 75, 88, 91, 66, 73, 62, 63, 74, 72, 86, 69, 106, 80, 72, 65, 68, 80, 61, 58, 81, 68, 71, 59, 82, 85, 46, 82, 76, 92, 82, 86, 61, 95, 79, 63, 63]
12
[68, 65, 66, 68, 105, 131, 95, 85, 80, 97, 115, 72, 85, 77, 72, 76, 82, 54, 70, 66, 62, 99, 78, 155, 106, 66, 75, 82, 118, 74, 89, 71, 89, 118, 71, 100, 92, 69, 116, 82, 84, 76, 82, 98, 82, 82, 92, 72, 136, 85, 62, 75, 76, 71, 75, 74, 120, 80, 91, 108, 72, 77, 104, 98, 100, 100, 104, 108, 86, 69, 85, 112, 93, 78, 116, 84, 84, 86, 97, 68, 79, 56, 55, 88, 85, 96, 89, 128, 116, 79, 117, 88, 75, 80, 67, 98, 94, 92, 67, 109]
13
[80, 96, 153, 78, 113, 113, 98, 72, 102, 141, 84, 96, 132, 98, 114, 87, 80, 85, 92, 104, 166, 104, 86, 100, 88, 120, 107, 130, 103, 101, 133, 96, 75, 103, 106, 129, 92, 97, 94, 158, 133, 102, 112, 101, 93, 102, 115, 120, 137, 90, 122, 109, 113, 105, 84, 98, 118, 114, 142, 109, 99, 92, 150, 83, 102, 146, 124, 114, 98, 101, 118, 103, 119, 95, 94, 122, 124, 90, 111, 116, 99, 112, 114, 86, 99, 104, 114, 90, 130, 97, 110, 95, 106, 131, 122, 108, 99, 96, 70, 109]
14
[136, 104, 121, 108, 109, 147, 121, 151, 94, 129, 117, 96, 163, 117, 119, 124, 158, 140, 82, 129, 129, 132, 147, 132, 102, 116, 148, 81, 129, 148, 132, 103, 128, 115, 102, 92, 122, 133, 96, 98, 110, 106, 94, 165, 120, 118, 112, 104, 115, 109, 152, 99, 119, 145, 120, 129, 172, 156, 174, 102, 104, 150, 126, 111, 125, 114, 137, 128, 110, 110, 135, 149, 150, 118, 133, 109, 85, 112, 108, 119, 124, 149, 136, 99, 180, 129, 130, 107, 122, 106, 149, 125, 142, 125, 124, 105, 93, 130, 108, 144]
15
[125, 134, 145, 150, 205, 120, 143, 140, 125, 132, 145, 165, 156, 152, 157, 122, 204, 147, 187, 190, 190, 119, 166, 162, 116, 108, 162, 163, 160, 125, 162, 160, 105, 156, 175, 128, 150, 137, 105, 156, 149, 138, 153, 156, 121, 176, 121, 138, 179, 170, 148, 118, 122, 137, 158, 91, 185, 175, 133, 132, 179, 135, 153, 158, 137, 117, 130, 113, 157, 155, 184, 101, 154, 190, 179, 153, 130, 182, 141, 115, 106, 164, 115, 121, 144, 146, 147, 147, 121, 133, 136, 144, 147, 151, 211, 151, 109, 117, 156, 150]
16
[161, 153, 171, 145, 143, 136, 135, 170, 165, 153, 104, 128, 171, 176, 168, 160, 193, 155, 163, 121, 168, 172, 173, 166, 112, 154, 179, 183, 166, 182, 135, 164, 152, 190, 138, 190, 182, 140, 160, 156, 128, 178, 149, 140, 121, 155, 154, 164, 126, 178, 186, 133, 210, 219, 168, 165, 215, 219, 139, 168, 142, 153, 200, 174, 141, 138, 154, 145, 137, 149, 145, 124, 157, 169, 171, 173, 128, 139, 125, 161, 192, 189, 206, 149, 182, 194, 110, 197, 143, 154, 216, 139, 171, 180, 128, 154, 138, 164, 184, 126]
17
[141, 167, 222, 185, 168, 213, 178, 172, 144, 177, 148, 205, 165, 198, 162, 186, 158, 255, 201, 204, 181, 164, 194, 146, 194, 175, 213, 185, 245, 183, 240, 117, 205, 184, 166, 127, 145, 152, 228, 146, 167, 187, 192, 204, 206, 150, 136, 215, 179, 164, 171, 158, 180, 198, 205, 142, 153, 171, 168, 200, 151, 160, 169, 228, 172, 198, 171, 223, 170, 187, 178, 158, 171, 182, 217, 137, 197, 171, 194, 148, 177, 223, 161, 178, 126, 115, 217, 182, 159, 203, 215, 168, 161, 143, 161, 246, 206, 200, 169, 221]
18
[200, 210, 217, 224, 242, 197, 212, 195, 184, 203, 163, 276, 234, 243, 140, 166, 163, 250, 227, 205, 184, 177, 193, 213, 234, 203, 201, 190, 218, 205, 197, 194, 141, 218, 209, 202, 219, 203, 240, 196, 160, 227, 237, 200, 179, 241, 181, 224, 180, 193, 221, 201, 192, 224, 199, 190, 206, 247, 181, 195, 231, 216, 185, 209, 241, 203, 223, 170, 199, 207, 175, 209, 195, 238, 185, 202, 213, 155, 229, 222, 239, 239, 228, 195, 161, 176, 177, 265, 178, 174, 174, 195, 211, 264, 274, 244, 220, 181, 225, 174]
19
[189, 230, 250, 206, 230, 299, 231, 214, 173, 194, 221, 188, 228, 196, 236, 234, 186, 184, 217, 263, 221, 230, 193, 199, 212, 273, 217, 227, 269, 213, 238, 274, 195, 289, 257, 182, 191, 218, 270, 242, 259, 224, 275, 256, 263, 225, 255, 217, 218, 260, 205, 221, 212, 246, 226, 234, 244, 232, 210, 251, 174, 214, 195, 186, 230, 212, 212, 218, 233, 176, 261, 217, 210, 197, 197, 255, 191, 173, 244, 217, 216, 206, 220, 201, 232, 220, 220, 245, 250, 269, 245, 310, 223, 269, 176, 224, 199, 227, 198, 314]
20
[239, 218, 189, 270, 224, 248, 221, 234, 211, 256, 232, 233, 303, 240, 244, 214, 214, 275, 202, 224, 300, 189, 210, 309, 318, 234, 202, 234, 263, 332, 248, 250, 231, 246, 237, 236, 208, 269, 237, 231, 222, 215, 244, 219, 252, 262, 246, 223, 243, 186, 235, 256, 228, 240, 186, 263, 300, 259, 246, 285, 260, 230, 251, 237, 272, 269, 221, 261, 239, 239, 305, 251, 297, 238, 262, 278, 247, 180, 264, 257, 264, 216, 212, 289, 239, 217, 208, 266, 286, 265, 219, 327, 243, 270, 252, 224, 205, 223, 278, 212]
21
[242, 249, 359, 235, 292, 323, 321, 299, 274, 268, 255, 328, 254, 306, 256, 320, 236, 257, 294, 231, 326, 221, 252, 253, 283, 232, 298, 267, 289, 257, 259, 238, 345, 258, 253, 236, 283, 346, 248, 290, 267, 266, 278, 290, 284, 303, 256, 365, 242, 315, 276, 285, 296, 247, 347, 217, 210, 292, 240, 277, 266, 238, 281, 286, 338, 296, 326, 327, 250, 299, 264, 251, 281, 263, 282, 288, 212, 257, 235, 286, 270, 294, 251, 335, 266, 266, 358, 321, 201, 243, 280, 263, 262, 298, 273, 277, 254, 219, 314, 264]
22
[314, 316, 295, 287, 318, 314, 239, 370, 252, 265, 353, 358, 253, 302, 269, 322, 292, 349, 271, 323, 301, 283, 349, 317, 311, 346, 318, 260, 271, 307, 318, 330, 294, 291, 386, 296, 280, 237, 283, 323, 261, 247, 233, 305, 312, 275, 296, 295, 282, 230, 326, 340, 275, 315, 289, 303, 299, 308, 282, 349, 313, 284, 327, 335, 267, 289, 323, 353, 333, 396, 292, 273, 241, 371, 327, 321, 344, 317, 280, 254, 269, 357, 361, 329, 338, 334, 294, 255, 279, 295, 319, 248, 342, 314, 270, 256, 303, 254, 276, 313]
23
[278, 374, 334, 318, 351, 319, 329, 324, 323, 352, 400, 328, 288, 380, 333, 289, 335, 295, 320, 345, 337, 361, 304, 322, 275, 294, 359, 306, 344, 320, 336, 292, 293, 299, 317, 336, 450, 315, 328, 300, 323, 411, 339, 262, 332, 335, 387, 352, 309, 298, 350, 312, 362, 287, 311, 341, 284, 282, 300, 336, 289, 352, 361, 299, 321, 300, 339, 304, 283, 299, 339, 318, 309, 305, 319, 328, 328, 288, 317, 312, 243, 412, 300, 344, 328, 341, 288, 330, 342, 333, 302, 309, 266, 307, 314, 399, 256, 315, 412, 309]
24
[384, 356, 352, 333, 363, 368, 328, 330, 346, 308, 422, 397, 337, 339, 297, 474, 325, 413, 322, 356, 287, 311, 341, 386, 295, 370, 397, 396, 279, 333, 323, 339, 457, 353, 306, 333, 399, 374, 409, 396, 345, 326, 359, 394, 347, 263, 351, 318, 309, 414, 341, 427, 323, 335, 352, 429, 348, 284, 315, 294, 434, 459, 402, 364, 366, 380, 355, 328, 356, 342, 321, 399, 378, 334, 385, 343, 440, 335, 390, 453, 385, 406, 422, 407, 305, 457, 342, 343, 366, 350, 339, 416, 308, 381, 475, 396, 369, 416, 373, 320]
25
[405, 325, 329, 301, 403, 449, 408, 367, 385, 355, 333, 367, 458, 383, 402, 321, 340, 403, 406, 389, 455, 374, 375, 407, 453, 399, 339, 502, 334, 415, 392, 378, 343, 360, 388, 475, 490, 454, 342, 354, 334, 457, 421, 363, 371, 336, 491, 338, 440, 486, 348, 369, 363, 326, 418, 367, 391, 351, 336, 362, 413, 337, 421, 354, 330, 332, 324, 446, 408, 454, 335, 480, 545, 349, 401, 426, 418, 449, 362, 423, 392, 384, 388, 367, 418, 404, 381, 446, 421, 333, 359, 472, 352, 409, 353, 350, 459, 413, 400, 437]
26
[361, 540, 538, 456, 409, 452, 426, 378, 422, 447, 403, 371, 445, 330, 427, 417, 448, 532, 362, 373, 465, 470, 350, 439, 349, 468, 366, 419, 414, 391, 384, 319, 468, 415, 406, 427, 452, 375, 492, 437, 438, 478, 532, 423, 402, 399, 335, 369, 535, 363, 454, 404, 470, 357, 344, 405, 402, 361, 368, 310, 515, 474, 425, 415, 548, 428, 440, 358, 405, 391, 390, 427, 394, 429, 426, 480, 385, 423, 425, 381, 386, 376, 395, 422, 382, 450, 457, 364, 527, 469, 436, 492, 417, 480, 435, 432, 445, 411, 472, 389]
27
[474, 489, 448, 444, 467, 525, 483, 452, 438, 495, 467, 513, 457, 515, 395, 485, 491, 438, 493, 413, 510, 516, 493, 477, 529, 423, 419, 479, 397, 376, 516, 515, 500, 442, 414, 439, 410, 541, 542, 491, 444, 553, 501, 413, 467, 441, 557, 434, 419, 476, 459, 495, 525, 447, 473, 474, 421, 401, 511, 524, 496, 454, 404, 472, 428, 435, 368, 374, 412, 498, 526, 430, 488, 407, 414, 478, 537, 480, 445, 420, 567, 456, 388, 388, 412, 440, 488, 413, 415, 505, 472, 455, 426, 475, 524, 409, 562, 502, 450, 448]
28
[548, 586, 529, 497, 429, 472, 435, 423, 502, 480, 533, 487, 477, 543, 557, 440, 439, 619, 527, 474, 442, 471, 519, 496, 444, 436, 471, 567, 554, 435, 524, 502, 498, 501, 426, 531, 477, 438, 502, 553, 521, 512, 502, 508, 421, 481, 550, 609, 517, 416, 447, 462, 445, 415, 421, 476, 393, 503, 502, 471, 444, 412, 434, 448, 442, 651, 434, 560, 512, 540, 448, 451, 470, 361, 528, 521, 464, 472, 406, 469, 426, 484, 533, 463, 506, 460, 519, 589, 454, 543, 563, 519, 503, 537, 493, 440, 537, 466, 445, 533]
29
[519, 497, 553, 463, 499, 535, 441, 487, 436, 563, 532, 518, 486, 463, 566, 498, 570, 478, 560, 559, 553, 776, 620, 509, 478, 490, 611, 655, 447, 483, 435, 510, 486, 570, 520, 584, 585, 625, 600, 484, 570, 455, 525, 566, 507, 491, 623, 590, 532, 533, 590, 424, 595, 475, 545, 488, 603, 612, 460, 547, 524, 437, 537, 564, 493, 531, 525, 457, 506, 524, 503, 435, 506, 483, 578, 571, 423, 697, 495, 552, 548, 506, 570, 528, 525, 567, 506, 574, 557, 504, 600, 586, 573, 628, 533, 476, 480, 557, 438, 540]
30
[576, 525, 586, 576, 582, 550, 573, 617, 540, 477, 611, 565, 607, 541, 517, 506, 602, 450, 644, 484, 520, 530, 594, 532, 581, 551, 619, 602, 572, 613, 455, 617, 604, 586, 490, 602, 571, 564, 581, 686, 582, 570, 680, 593, 569, 538, 530, 537, 591, 644, 509, 599, 602, 522, 635, 639, 692, 587, 720, 625, 435, 670, 501, 541, 589, 518, 597, 459, 572, 639, 561, 636, 568, 595, 615, 564, 485, 636, 556, 544, 554, 513, 547, 677, 601, 611, 632, 465, 533, 556, 672, 528, 519, 513, 582, 618, 621, 540, 539, 529]
31
[647, 507, 660, 528, 532, 568, 446, 644, 588, 588, 591, 589, 492, 560, 499, 475, 553, 533, 508, 544, 610, 629, 853, 597, 619, 614, 605, 538, 594, 597, 654, 647, 563, 538, 593, 612, 549, 626, 641, 653, 595, 534, 692, 626, 660, 713, 669, 611, 526, 741, 513, 502, 688, 654, 645, 697, 646, 477, 621, 619, 563, 638, 548, 593, 558, 557, 607, 536, 670, 604, 535, 518, 554, 614, 632, 606, 622, 548, 639, 655, 560, 635, 528, 671, 605, 522, 556, 558, 650, 605, 557, 525, 560, 623, 574, 619, 656, 660, 558, 607]
32
[716, 716, 561, 528, 593, 689, 566, 737, 685, 633, 608, 670, 577, 768, 627, 674, 603, 613, 700, 539, 613, 663, 609, 588, 635, 719, 659, 572, 677, 511, 644, 677, 739, 676, 572, 611, 550, 594, 774, 737, 607, 706, 620, 672, 603, 503, 825, 587, 571, 752, 641, 577, 599, 614, 722, 549, 598, 597, 686, 654, 677, 604, 705, 697, 611, 583, 697, 551, 590, 604, 672, 667, 632, 633, 666, 610, 526, 668, 599, 590, 622, 641, 723, 644, 776, 575, 615, 575, 598, 729, 627, 594, 599, 610, 572, 628, 730, 760, 609, 636]
33
[713, 768, 811, 607, 676, 617, 771, 566, 646, 781, 661, 672, 779, 787, 638, 704, 721, 652, 640, 634, 729, 556, 727, 611, 630, 753, 595, 732, 751, 704, 752, 597, 785, 671, 689, 714, 675, 692, 701, 792, 638, 613, 752, 649, 712, 720, 662, 839, 692, 610, 675, 713, 655, 636, 604, 743, 675, 661, 636, 600, 747, 668, 565, 721, 742, 627, 766, 614, 690, 629, 718, 637, 672, 690, 869, 644, 700, 719, 610, 651, 729, 800, 665, 654, 743, 652, 613, 699, 841, 698, 620, 600, 704, 768, 587, 674, 755, 652, 714, 687]
34
[567, 761, 698, 622, 732, 683, 752, 754, 707, 631, 692, 739, 836, 751, 797, 599, 738, 652, 710, 659, 787, 729, 684, 791, 781, 656, 760, 682, 639, 630, 776, 565, 796, 763, 764, 710, 675, 740, 715, 754, 630, 746, 604, 663, 676, 693, 789, 776, 768, 745, 655, 675, 782, 784, 663, 745, 621, 620, 709, 697, 737, 660, 934, 669, 679, 855, 601, 642, 614, 829, 659, 700, 736, 835, 589, 644, 696, 628, 726, 650, 609, 652, 780, 809, 906, 851, 697, 836, 743, 699, 799, 657, 752, 831, 691, 816, 724, 607, 681, 668]
35
[813, 793, 770, 731, 755, 827, 639, 631, 811, 761, 868, 795, 903, 747, 895, 787, 683, 897, 859, 671, 727, 837, 849, 784, 762, 767, 734, 860, 866, 1008, 700, 767, 791, 702, 741, 852, 696, 716, 670, 712, 670, 808, 692, 683, 943, 831, 711, 698, 695, 765, 700, 810, 842, 763, 793, 730, 957, 751, 849, 729, 656, 722, 862, 785, 775, 736, 717, 799, 730, 758, 836, 671, 767, 830, 633, 728, 832, 830, 739, 782, 756, 811, 863, 626, 716, 777, 753, 723, 694, 741, 780, 722, 676, 797, 814, 818, 630, 745, 704, 832]
36
[875, 754, 777, 770, 1016, 788, 723, 676, 821, 760, 725, 833, 822, 891, 852, 885, 909, 689, 795, 840, 910, 837, 852, 793, 831, 905, 749, 750, 790, 861, 710, 791, 909, 744, 783, 809, 839, 711, 775, 740, 754, 749, 787, 748, 820, 741, 732, 740, 780, 813, 793, 767, 804, 729, 743, 941, 766, 830, 710, 973, 771, 926, 715, 838, 845, 659, 812, 760, 726, 804, 877, 766, 1046, 956, 712, 675, 659, 852, 765, 749, 879, 746, 806, 803, 782, 726, 825, 862, 826, 760, 741, 756, 704, 733, 871, 688, 757, 788, 693, 712]
37
[840, 916, 881, 804, 904, 772, 891, 807, 791, 836, 1016, 848, 814, 847, 920, 860, 707, 905, 893, 922, 868, 786, 873, 803, 857, 759, 780, 811, 796, 838, 863, 931, 827, 882, 930, 910, 720, 726, 1007, 905, 699, 753, 983, 902, 936, 842, 860, 840, 851, 715, 824, 841, 1044, 818, 872, 872, 909, 702, 926, 868, 866, 974, 901, 923, 814, 803, 898, 846, 874, 795, 950, 771, 893, 818, 739, 846, 918, 869, 851, 812, 860, 1053, 860, 932, 806, 822, 933, 808, 944, 925, 844, 731, 888, 737, 824, 813, 993, 869, 733, 784]
38
[803, 811, 807, 868, 800, 954, 976, 839, 1033, 1008, 1023, 905, 789, 829, 1150, 978, 792, 954, 864, 874, 869, 854, 894, 805, 743, 945, 923, 888, 924, 874, 848, 858, 873, 877, 1052, 857, 921, 734, 891, 912, 930, 875, 835, 880, 999, 1000, 729, 940, 736, 1072, 910, 859, 937, 927, 952, 787, 915, 752, 837, 830, 782, 937, 1031, 808, 931, 808, 1181, 965, 891, 949, 840, 982, 982, 836, 897, 893, 878, 998, 841, 928, 913, 966, 1011, 810, 932, 971, 739, 1033, 787, 831, 960, 822, 820, 871, 894, 906, 838, 1048, 1016, 1025]
39
[869, 939, 925, 929, 975, 1082, 784, 1026, 1124, 902, 1085, 915, 897, 1151, 808, 1131, 965, 912, 1011, 939, 932, 1020, 949, 958, 734, 823, 951, 822, 984, 796, 844, 1102, 1025, 945, 1046, 990, 893, 883, 980, 971, 861, 1009, 918, 1033, 996, 1023, 949, 1079, 867, 887, 1077, 845, 896, 992, 894, 1122, 794, 944, 983, 1018, 910, 1031, 917, 967, 877, 872, 898, 892, 1194, 914, 974, 860, 867, 993, 832, 929, 866, 1093, 877, 892, 930, 869, 928, 1084, 950, 951, 823, 901, 888, 893, 875, 1064, 1025, 934, 1026, 934, 836, 899, 894, 1016]
40
[1008, 1021, 1041, 968, 1138, 1212, 876, 957, 902, 951, 920, 894, 1020, 972, 981, 1047, 1251, 969, 926, 842, 1018, 999, 949, 1146, 874, 970, 962, 1022, 952, 1020, 981, 1002, 1034, 884, 940, 894, 1023, 934, 1005, 969, 1029, 1072, 970, 1001, 985, 890, 920, 1107, 1161, 975, 954, 930, 903, 873, 1083, 889, 928, 874, 1027, 1158, 1093, 1331, 1019, 1035, 1052, 1155, 834, 899, 888, 1026, 1080, 951, 878, 995, 1079, 1040, 1008, 1005, 1121, 1002, 1009, 1023, 884, 1023, 985, 1085, 927, 1026, 1048, 846, 962, 1014, 948, 1069, 1133, 975, 979, 1015, 900, 1001]
41
[1164, 1036, 1002, 939, 1131, 1032, 1008, 1122, 1139, 951, 1009, 1041, 959, 1171, 936, 1084, 1049, 979, 1057, 1115, 1052, 903, 1034, 985, 1189, 956, 1219, 1129, 954, 1084, 1069, 971, 903, 1098, 983, 1065, 887, 1216, 887, 1276, 1220, 1155, 961, 995, 1062, 1086, 1022, 1065, 1057, 1082, 1329, 967, 1005, 893, 1007, 1108, 898, 882, 1053, 955, 1061, 1041, 973, 1081, 1037, 1064, 1185, 1013, 969, 1081, 1070, 1085, 1066, 1164, 1133, 1018, 1020, 1099, 889, 1071, 945, 963, 1207, 894, 1064, 973, 1102, 1022, 1238, 1134, 1105, 1172, 1139, 1084, 948, 965, 966, 1022, 1165, 968]
42
[986, 1017, 1019, 1021, 1260, 945, 1053, 1327, 993, 976, 1061, 1076, 890, 1093, 1270, 998, 1156, 946, 1125, 1134, 1167, 1082, 1106, 1069, 955, 1148, 1173, 1129, 1055, 982, 1088, 1011, 1009, 1043, 1142, 977, 1016, 1180, 1074, 1250, 1136, 1189, 1073, 1271, 1126, 1103, 1059, 1025, 895, 1145, 1164, 1046, 956, 1294, 1014, 1083, 985, 1013, 1214, 1216, 1021, 1002, 1066, 1189, 1139, 1070, 1052, 1027, 1144, 1056, 1157, 1021, 1201, 991, 986, 1226, 1127, 897, 1026, 1037, 938, 1089, 1105, 1113, 1145, 1056, 981, 1120, 1170, 1037, 1211, 1068, 1050, 982, 1152, 1063, 888, 971, 1018, 1105]
43
[1046, 1383, 1067, 1007, 1355, 1145, 1264, 1021, 1137, 1257, 1457, 1119, 1288, 1039, 1144, 1333, 1166, 1039, 1076, 1066, 1121, 1213, 1092, 1020, 1027, 1168, 1218, 1111, 1096, 1206, 1106, 1162, 1129, 1022, 1045, 1332, 1348, 1192, 995, 1252, 1185, 1255, 1256, 1256, 1149, 1056, 1303, 1220, 1216, 1237, 1190, 922, 1184, 1433, 1247, 1012, 1100, 1019, 1058, 1086, 1171, 1136, 1183, 1140, 1334, 1053, 1149, 1177, 1087, 1181, 1001, 1115, 1094, 1151, 1167, 1026, 1112, 1235, 972, 978, 1193, 1188, 1243, 1115, 1100, 1452, 1155, 1099, 1043, 1018, 1209, 1193, 1294, 1302, 985, 1085, 1168, 1028, 1040, 999]
44
[1054, 1536, 1255, 1329, 952, 1249, 1254, 1279, 1262, 1306, 1115, 1227, 1273, 1078, 1139, 1532, 1340, 1201, 1151, 1167, 1230, 1220, 1187, 1235, 1366, 1081, 1117, 1120, 1176, 1450, 1107, 1175, 1183, 1313, 1020, 1055, 1201, 1111, 1223, 1263, 1291, 1259, 1255, 1192, 1100, 1143, 1128, 1152, 1235, 1182, 1414, 1182, 1081, 1127, 1147, 1436, 1190, 1075, 1136, 1225, 1388, 1328, 1222, 1157, 1252, 1272, 1149, 1160, 1116, 1022, 1245, 1322, 1242, 1143, 1216, 1262, 1177, 1211, 1246, 1295, 1208, 1246, 1162, 1157, 1225, 1216, 1415, 1292, 1029, 1207, 1253, 992, 1117, 1122, 1157, 1050, 1258, 1165, 1219, 1067]
45
[1164, 1113, 1127, 1233, 1254, 1438, 1179, 1217, 1283, 1396, 1114, 1282, 1256, 1306, 1283, 1253, 1216, 1341, 1229, 1375, 1278, 1401, 1225, 1152, 1391, 1397, 1295, 1054, 1394, 1084, 1259, 1267, 1113, 1278, 1196, 1110, 1213, 1132, 1257, 1399, 1396, 1234, 1087, 1231, 1329, 1116, 1162, 1321, 1291, 1171, 1093, 1355, 1283, 1351, 1319, 1262, 1252, 1183, 1356, 1270, 1139, 1183, 1346, 1262, 1229, 1295, 1123, 1350, 1293, 1200, 1254, 1163, 1350, 1215, 1139, 1215, 1193, 1212, 1260, 1187, 1265, 1089, 1218, 1278, 1265, 1208, 1426, 1220, 1290, 1299, 1073, 1509, 1128, 1099, 1604, 1360, 1487, 1170, 1165, 1347]
46
[1259, 1244, 1203, 1430, 1157, 1389, 1128, 1096, 1322, 1320, 1257, 1303, 1399, 1209, 1292, 1199, 1389, 1308, 1339, 1303, 1302, 1223, 1451, 1362, 1366, 1512, 1334, 1241, 1286, 1147, 1331, 1189, 1348, 1363, 1378, 1252, 1225, 1227, 1346, 1225, 1463, 1429, 1245, 1255, 1272, 1306, 1120, 1254, 1140, 1144, 1250, 1266, 1206, 1238, 1253, 1431, 1335, 1333, 1373, 1250, 1390, 1399, 1294, 1319, 1403, 1352, 1122, 1385, 1344, 1266, 1231, 1285, 1295, 1044, 1389, 1134, 1335, 1244, 1305, 1192, 1105, 1315, 1236, 1096, 1152, 1246, 1379, 1485, 1205, 1248, 1377, 1381, 1110, 1214, 1182, 1300, 1193, 1305, 1429, 1053]
47
[1239, 1362, 1307, 1326, 1414, 1118, 1486, 1316, 1227, 1320, 1352, 1401, 1170, 1326, 1381, 1341, 1427, 1279, 1364, 1520, 1507, 1539, 1463, 1275, 1307, 1434, 1239, 1327, 1241, 1397, 1466, 1581, 1317, 1334, 1348, 1211, 1404, 1348, 1362, 1228, 1438, 1278, 1450, 1351, 1253, 1257, 1202, 1268, 1406, 1136, 1404, 1500, 1491, 1434, 1497, 1239, 1429, 1201, 1457, 1302, 1381, 1370, 1298, 1227, 1478, 1384, 1236, 1423, 1377, 1354, 1368, 1214, 1669, 1406, 1453, 1464, 1280, 1552, 1362, 1289, 1582, 1222, 1322, 1388, 1569, 1356, 1298, 1423, 1498, 1312, 1291, 1200, 1183, 1230, 1306, 1294, 1180, 1453, 1511, 1214]
48
[1284, 1206, 1399, 1433, 1388, 1412, 1657, 1375, 1188, 1411, 1384, 1394, 1556, 1403, 1488, 1610, 1490, 1377, 1406, 1423, 1246, 1205, 1403, 1234, 1434, 1370, 1115, 1354, 1428, 1397, 1469, 1428, 1377, 1402, 1412, 1305, 1754, 1637, 1352, 1393, 1388, 1535, 1494, 1614, 1497, 1466, 1216, 1437, 1535, 1452, 1319, 1775, 1400, 1411, 1338, 1392, 1537, 1440, 1490, 1287, 1275, 1395, 1265, 1341, 1363, 1249, 1599, 1447, 1342, 1283, 1465, 1430, 1462, 1294, 1320, 1216, 1431, 1384, 1232, 1166, 1599, 1289, 1359, 1298, 1591, 1713, 1444, 1336, 1302, 1302, 1287, 1310, 1301, 1316, 1433, 1411, 1497, 1438, 1257, 1327]
49
[1524, 1549, 1562, 1392, 1520, 1470, 1383, 1653, 1424, 1495, 1604, 1428, 1360, 1499, 1621, 1651, 1392, 1461, 1477, 1500, 1472, 1673, 1499, 1479, 1375, 1426, 1601, 1469, 1576, 1715, 1443, 1425, 1468, 1406, 1705, 1392, 1345, 1255, 1522, 1431, 1439, 1395, 1424, 1593, 1833, 1442, 1495, 1380, 1299, 1655, 1792, 1375, 1613, 1398, 1468, 1308, 1432, 1395, 1397, 1391, 1457, 1512, 1226, 1474, 1449, 1497, 1323, 1707, 1455, 1344, 1510, 1489, 1376, 1568, 1402, 1638, 1270, 1650, 1384, 1428, 1506, 1563, 1449, 1492, 1363, 1406, 1408, 1401, 1428, 1596, 1206, 1641, 1506, 1672, 1620, 1567, 1348, 1460, 1537, 1331]
50
[1520, 1492, 1574, 1574, 1355, 1484, 1437, 1304, 1513, 1600, 1508, 1573, 1540, 1559, 1395, 1951, 1483, 1539, 1583, 1547, 1338, 1471, 1496, 1524, 1302, 1759, 1560, 1726, 1540, 1569, 1675, 1342, 1607, 1685, 1694, 1464, 1685, 1451, 1734, 1596, 1578, 1429, 1380, 1490, 1750, 1182, 1441, 1411, 1439, 1503, 1294, 1342, 1507, 1456, 1530, 1645, 1513, 1586, 1651, 1608, 1535, 1598, 1484, 1586, 1540, 1435, 1551, 1749, 1453, 1426, 1671, 1427, 1352, 1483, 1563, 1479, 1735, 1707, 1538, 1502, 1729, 1535, 1344, 1458, 1431, 1366, 1541, 1532, 1600, 1326, 1449, 1582, 1483, 1467, 1644, 1539, 1410, 1700, 1490, 1488]
51
[1592, 1781, 1511, 1915, 1544, 1494, 1809, 1852, 1686, 1577, 1580, 1743, 1820, 1525, 1599, 1698, 1495, 1625, 1419, 1567, 1516, 1774, 1542, 1415, 1588, 1554, 1621, 1771, 1711, 1711, 1540, 1619, 1651, 1590, 1367, 1771, 1834, 1533, 1602, 1794, 1694, 1564, 1483, 1505, 1650, 1562, 1443, 1435, 1555, 1570, 1401, 1431, 1598, 1474, 1512, 1475, 1592, 1599, 1446, 1631, 1574, 1615, 1680, 1875, 1771, 1699, 1617, 1778, 1627, 1525, 1536, 1567, 1514, 1641, 1550, 1852, 1440, 1561, 1566, 1753, 1615, 1581, 1571, 1582, 1480, 1627, 1683, 1642, 1821, 1742, 1455, 1608, 1462, 1632, 1308, 1584, 1596, 1632, 1510, 1556]
52
[1591, 1563, 1519, 1676, 1611, 1419, 1636, 1560, 1712, 1416, 1655, 1630, 1708, 1651, 1480, 1650, 1577, 1798, 1823, 1454, 1651, 1602, 1482, 1538, 1719, 1781, 1569, 1572, 1633, 1623, 1527, 1669, 1611, 1677, 1730, 1537, 1656, 1603, 1791, 1453, 1733, 1775, 1777, 1905, 1522, 1644, 1701, 1662, 1673, 1830, 1479, 1678, 1740, 1675, 1863, 1478, 1915, 1563, 1700, 1698, 1789, 1497, 1599, 1603, 1782, 1672, 1505, 1786, 1793, 1730, 1806, 1532, 1774, 1488, 1554, 2013, 1679, 2011, 1532, 1561, 1797, 1731, 1994, 1738, 1564, 1539, 1896, 1542, 1559, 1551, 1639, 1504, 1475, 1610, 1449, 1411, 1650, 1741, 1527, 1575]
53
[1785, 1831, 1776, 1539, 1656, 1849, 1608, 1797, 1480, 1705, 1685, 1620, 1666, 1642, 1554, 1712, 1823, 1629, 1742, 1550, 1620, 1740, 1629, 1634, 1524, 1684, 1858, 1737, 1590, 1548, 1994, 1648, 1715, 1634, 1800, 1540, 1581, 1682, 1592, 1600, 1678, 1737, 1609, 1630, 1644, 1919, 1581, 1589, 1587, 1583, 1668, 1700, 1502, 1708, 1782, 1514, 1453, 1625, 1680, 1924, 1832, 1998, 1826, 1664, 1583, 1572, 1535, 1714, 1609, 1797, 1609, 1659, 1566, 1617, 1730, 1656, 1467, 1727, 1625, 1564, 1776, 1565, 1877, 1865, 1566, 1579, 1700, 1656, 1614, 1893, 1611, 2008, 1876, 1847, 1796, 1579, 1491, 1575, 1750, 1806]
54
[2018, 1666, 1887, 1661, 1848, 1875, 1913, 1650, 1696, 1745, 1745, 1822, 1704, 1894, 1784, 1731, 1670, 1836, 1799, 1744, 1702, 1709, 1635, 1845, 1894, 1687, 1691, 1763, 1985, 1710, 1923, 2043, 1883, 1805, 1781, 1763, 1781, 1894, 1704, 1626, 2012, 1840, 1602, 1749, 1865, 1790, 1877, 1685, 1571, 1731, 1787, 1757, 1589, 1741, 1594, 1888, 1808, 1881, 1498, 1845, 1643, 1778, 2005, 1637, 1585, 1817, 1692, 1536, 1838, 1859, 1868, 1804, 1789, 1832, 1696, 1728, 1610, 1822, 1646, 1869, 1816, 1584, 1703, 1717, 1862, 1717, 1719, 1796, 1751, 1765, 2112, 1636, 1882, 1650, 2095, 1855, 1706, 1927, 1969, 1895]
55
[1846, 1858, 1994, 1621, 1937, 2159, 2001, 1696, 1802, 1620, 1828, 2264, 1955, 1730, 1880, 2105, 1822, 1675, 2154, 1786, 1839, 1831, 1527, 1719, 1787, 1988, 1930, 1756, 1729, 1983, 1858, 1837, 1893, 1920, 1777, 1730, 2153, 1981, 1854, 1944, 2065, 1846, 2042, 1810, 1932, 1743, 1934, 1674, 1863, 1707, 2079, 1619, 1949, 1747, 1855, 1933, 1879, 1662, 1806, 1806, 1798, 1995, 1824, 1616, 1975, 1726, 1624, 2259, 1643, 1897, 1627, 1699, 1826, 1821, 1713, 1818, 1827, 1793, 1875, 1932, 1784, 1896, 1782, 1576, 1955, 1723, 1626, 1813, 1844, 1829, 1736, 1790, 1784, 2169, 2052, 2002, 2041, 1847, 1933, 1611]
56
[1827, 1767, 1981, 1949, 1855, 1813, 2005, 1889, 2269, 1968, 1783, 2038, 1956, 1874, 2016, 1926, 1755, 1790, 1589, 1963, 2123, 1880, 1829, 1959, 1700, 1735, 1688, 2203, 1975, 1906, 2084, 1964, 1930, 1908, 1668, 2187, 1904, 1693, 1810, 2004, 2111, 2061, 2075, 1687, 2015, 2170, 1641, 1840, 1570, 1931, 1741, 1837, 1919, 2064, 1906, 1873, 2047, 1923, 1912, 1813, 1979, 1898, 1884, 2174, 2147, 1969, 1987, 1897, 1865, 1839, 1945, 2017, 2019, 1755, 1905, 1957, 1848, 1821, 1884, 1936, 1892, 1971, 1968, 1829, 1785, 1876, 1865, 1854, 2076, 1842, 1884, 2181, 1875, 1973, 1852, 2039, 1981, 1921, 2088, 1958]
57
[1731, 2378, 1948, 1889, 1963, 1922, 2043, 1852, 2051, 2061, 1827, 1890, 1776, 1874, 2029, 1709, 1845, 2013, 2047, 1859, 2012, 2018, 1782, 2148, 1759, 1756, 2299, 1841, 1859, 2035, 1820, 1856, 2011, 1862, 1893, 1970, 1905, 1973, 1839, 1997, 1952, 1739, 1930, 1922, 1989, 2015, 2027, 1979, 1725, 1790, 1918, 2125, 1929, 1996, 1980, 1883, 2070, 2093, 1975, 2076, 1821, 2134, 2021, 1998, 1996, 2004, 1740, 1958, 2245, 2004, 2364, 1821, 1726, 2229, 2006, 2485, 1931, 2069, 2141, 1826, 2170, 1961, 1914, 1952, 1766, 1738, 1855, 1885, 1840, 1961, 1953, 2154, 1924, 1951, 1909, 2169, 1861, 1919, 1942, 1932]
58
[1974, 1913, 1948, 2040, 1954, 2192, 1790, 2021, 2214, 2129, 1913, 1885, 2135, 2040, 2087, 2214, 2087, 1852, 2162, 2371, 2293, 1996, 1964, 2233, 2013, 2231, 1953, 2344, 2246, 2029, 2066, 2239, 2243, 2059, 2199, 1927, 2106, 2363, 2090, 1984, 1977, 2021, 2128, 2053, 2102, 1924, 1976, 2097, 1997, 2026, 2041, 1970, 2069, 2215, 2199, 1794, 2078, 1941, 1836, 2203, 2064, 2368, 2014, 1950, 2056, 1975, 1953, 2272, 1935, 1921, 2104, 1873, 2254, 1934, 2031, 2031, 2279, 2043, 1861, 1963, 2090, 2099, 1993, 2149, 1898, 2052, 1977, 2155, 2210, 1996, 2149, 1876, 2199, 1996, 2053, 1936, 1910, 1888, 2205, 2353]
59
[2003, 1974, 2129, 2264, 2354, 1999, 2010, 2009, 2023, 2003, 2245, 2066, 2058, 2045, 2200, 1877, 2267, 2135, 2138, 1768, 2055, 1924, 2095, 2254, 2072, 2204, 1986, 2421, 1972, 2308, 2080, 2250, 2035, 2425, 2075, 1962, 2036, 2134, 2183, 2010, 2262, 2025, 1962, 2466, 2009, 1843, 2363, 2009, 2371, 2045, 2152, 1907, 1981, 2333, 2149, 2114, 2105, 1983, 2041, 1805, 2122, 2235, 2072, 2051, 2174, 1986, 2083, 2104, 2093, 2076, 2154, 2129, 2216, 2060, 2094, 2081, 2113, 1932, 1974, 2402, 1921, 2282, 2148, 2263, 1919, 1825, 2004, 1920, 2271, 2018, 2138, 2016, 2080, 2292, 2052, 1980, 2136, 2282, 2087, 2144]
60
[2141, 2436, 2193, 2098, 2399, 2216, 1927, 2091, 1979, 2126, 1991, 2019, 2355, 2472, 2191, 2036, 2468, 2237, 1984, 2256, 2047, 1962, 2421, 2188, 2275, 1984, 2190, 1967, 2037, 2137, 2027, 2165, 2383, 2343, 2594, 2632, 2241, 2493, 2108, 2068, 2127, 2202, 2275, 1922, 2133, 2093, 1996, 1986, 2446, 2195, 2665, 2094, 2193, 1962, 2291, 2306, 2542, 2099, 2238, 2250, 2058, 2247, 2200, 2313, 1907, 1951, 2242, 2590, 1919, 2089, 2253, 1946, 2228, 2007, 2222, 2056, 1941, 2045, 2224, 2487, 2066, 2181, 2483, 1982, 1995, 2316, 2147, 2091, 2263, 2284, 1978, 2199, 2199, 2392, 2074, 2109, 2125, 2265, 1956, 2421]
61
[2105, 2007, 2634, 1933, 2061, 2282, 1956, 2340, 2312, 2422, 2304, 2106, 2138, 1935, 2270, 2323, 2186, 2191, 2527, 2454, 2353, 2291, 2126, 1861, 2430, 2400, 2267, 2247, 2203, 2179, 2150, 2312, 2375, 2295, 2089, 2412, 2536, 2513, 2289, 2279, 2298, 1984, 2534, 2298, 2275, 2234, 2290, 2281, 2239, 2165, 2200, 1914, 2216, 2261, 1968, 2437, 2162, 2128, 1986, 2055, 2230, 2267, 2282, 2273, 2196, 2425, 2252, 2109, 2231, 2032, 2092, 2483, 2073, 2593, 2326, 2231, 2284, 2226, 2314, 2089, 2236, 2104, 2266, 2464, 2261, 2331, 2091, 2625, 2334, 2342, 2232, 2447, 2142, 2325, 2207, 2406, 2362, 2190, 2138, 2183]
62
[2817, 2237, 2373, 2104, 2109, 2037, 2303, 2202, 2317, 2288, 2433, 2259, 2393, 2290, 2270, 2286, 2047, 2147, 2278, 2251, 2495, 2314, 2402, 2358, 2320, 2470, 2429, 2286, 2299, 2162, 2382, 2734, 2451, 2298, 2815, 2136, 2657, 2211, 2460, 2317, 2492, 2284, 2355, 2153, 2234, 2037, 2261, 2270, 2244, 2371, 2450, 2386, 2466, 2421, 2542, 2525, 2251, 2451, 2279, 2411, 2308, 2293, 2273, 2657, 2533, 2160, 2277, 2073, 2338, 2399, 2347, 2413, 2340, 2304, 2551, 2541, 2421, 2162, 2152, 2163, 2285, 2346, 2162, 2343, 2124, 2249, 2344, 2491, 2233, 2841, 2808, 2228, 2591, 2436, 2377, 2433, 2330, 2331, 2269, 2121]
63
[2385, 2177, 2637, 2352, 2575, 2460, 2628, 2284, 2495, 2539, 2485, 2362, 2209, 2448, 2169, 2491, 2548, 2311, 2386, 2510, 2414, 2552, 2397, 2278, 2158, 2597, 2391, 2406, 2270, 2272, 2268, 2579, 2321, 2247, 2309, 2468, 2260, 2521, 2584, 2305, 2440, 2423, 1974, 2470, 2410, 2609, 2426, 2414, 2683, 2232, 2540, 2654, 2443, 2166, 2260, 2689, 2600, 2391, 2554, 2258, 2163, 2321, 2145, 2774, 2472, 2358, 2453, 2195, 2452, 2311, 2160, 2484, 2303, 2220, 2441, 2009, 2289, 2535, 2622, 2309, 2513, 2252, 2503, 2547, 2876, 2315, 2322, 2343, 2199, 2341, 2722, 2200, 2418, 2135, 2441, 2351, 2172, 2316, 2313, 2516]
64
[2449, 2460, 2452, 2398, 2828, 2131, 2148, 2401, 2441, 2594, 2563, 2421, 2382, 2406, 2502, 2457, 2509, 2416, 2629, 2616, 2624, 2544, 2666, 2443, 2365, 2489, 2773, 2336, 2149, 2214, 2137, 2127, 2537, 2353, 2367, 2788, 2684, 2395, 2519, 2316, 2703, 2501, 2434, 2357, 2961, 2278, 2632, 2468, 2461, 2378, 2549, 2560, 2410, 2789, 2396, 2457, 2559, 2424, 2321, 2581, 2291, 2340, 2331, 3028, 2391, 2755, 2538, 2729, 2747, 2190, 2596, 2487, 2523, 2368, 2681, 2585, 2405, 2433, 2647, 2353, 2228, 2459, 2308, 2385, 2642, 2393, 2498, 2624, 2153, 2219, 2422, 2459, 2769, 2410, 2458, 2523, 2406, 2380, 2680, 2592]
65
[2400, 2414, 2531, 2548, 2798, 2787, 2427, 2235, 2593, 2581, 2383, 2426, 2497, 2518, 2262, 2623, 2521, 2746, 2656, 2919, 2248, 2465, 2197, 2652, 2413, 2267, 2702, 2440, 2431, 2455, 2398, 2610, 2887, 2432, 2502, 2633, 2450, 2973, 2802, 2496, 2899, 2570, 2598, 2812, 2593, 2728, 2839, 2567, 2641, 2369, 2528, 2653, 3008, 2567, 2547, 2485, 2361, 2574, 2648, 2607, 2469, 2389, 2539, 2646, 2422, 2540, 2476, 2333, 2633, 2285, 2640, 2817, 2758, 2612, 2261, 2565, 2886, 2574, 2837, 2539, 2724, 2709, 2236, 2482, 2366, 2711, 2696, 2470, 2524, 2454, 2482, 2491, 2652, 2552, 2258, 2761, 2451, 2446, 2559, 2611]
66
[2773, 2593, 2441, 2507, 2466, 2417, 2687, 2845, 2295, 2320, 2533, 2691, 2442, 2294, 2804, 2413, 2695, 2427, 2877, 2698, 2959, 2808, 2700, 2836, 2849, 2818, 2818, 2726, 2384, 2490, 2863, 2527, 2618, 2850, 2185, 2895, 2592, 2695, 2927, 2547, 2408, 2831, 2390, 2353, 2531, 2669, 2892, 2811, 2406, 2816, 2496, 2612, 2452, 2873, 2371, 2839, 2990, 2560, 2749, 2485, 2709, 2560, 2683, 2538, 2771, 2583, 2439, 2476, 2823, 2568, 2558, 2896, 3055, 2968, 2803, 2503, 2758, 2559, 2339, 2531, 2794, 2534, 2675, 2598, 2944, 3042, 2749, 2593, 2624, 2476, 2553, 2511, 2781, 2582, 2480, 2695, 2491, 2745, 2678, 2579]
67
[2634, 2534, 2627, 2618, 2605, 2494, 2698, 2823, 2823, 2409, 2435, 2661, 2930, 2610, 2326, 2952, 2502, 2376, 2837, 2582, 2879, 2693, 2827, 2671, 2667, 2633, 2449, 2346, 2682, 2685, 2559, 2692, 2921, 2520, 2487, 2611, 2790, 2573, 2720, 2745, 2621, 2403, 2730, 2801, 2678, 2631, 2893, 2701, 3062, 2925, 2963, 2495, 2539, 2556, 2616, 2690, 2705, 2592, 2901, 2778, 2736, 2766, 2449, 2406, 2764, 2499, 2885, 2961, 2980, 2649, 2704, 2496, 3040, 2575, 2865, 2763, 2866, 2667, 2562, 3015, 2926, 2662, 2847, 2564, 2842, 2556, 2911, 2648, 2489, 2469, 2629, 2594, 3000, 2862, 2468, 2568, 2808, 2585, 2695, 3027]
68
[2797, 2634, 3167, 2852, 2832, 2929, 2601, 2545, 2718, 2824, 2774, 2556, 3134, 3101, 2562, 2442, 2798, 2627, 3011, 2463, 2930, 2543, 2870, 2997, 2477, 2755, 2800, 2620, 2672, 2594, 2917, 2996, 3063, 2525, 2750, 3063, 2866, 2810, 3142, 2889, 2480, 2960, 2991, 2684, 2731, 2463, 3060, 2624, 2849, 2717, 2762, 2836, 2828, 2479, 2796, 2808, 2764, 2705, 2710, 3215, 2844, 2604, 2569, 2812, 2684, 2932, 3008, 2815, 2756, 3037, 2676, 3042, 2854, 2865, 2715, 3251, 2622, 2988, 3114, 2735, 2467, 2631, 2958, 2539, 3028, 2986, 2614, 2938, 2930, 2599, 3099, 2968, 2573, 2813, 2899, 2933, 2778, 2710, 3168, 2889]
69
[2909, 2461, 2774, 2781, 2668, 2962, 2819, 3113, 2833, 2800, 3058, 2928, 2936, 3249, 2508, 3153, 2808, 2787, 2635, 2929, 3245, 3160, 2776, 3213, 2544, 2856, 2991, 2941, 3251, 2872, 3188, 2937, 3056, 2894, 3001, 2795, 2990, 3092, 2896, 2832, 2916, 2898, 2681, 3003, 2896, 2998, 3411, 2912, 2771, 2846, 2771, 2925, 2892, 2999, 2672, 2905, 2974, 2921, 2860, 3236, 2929, 2963, 2500, 2670, 2795, 3153, 2831, 2704, 2628, 2685, 2708, 3204, 3025, 2826, 2893, 3205, 2640, 2531, 2954, 2732, 2790, 2660, 2568, 2835, 2777, 2717, 2815, 2838, 3137, 3070, 2539, 2687, 3231, 2787, 2767, 2688, 2752, 2985, 2685, 2946]
